593 1096 2591 27 109
0 1 101
0 2 96
0 3 16
1 4 28
1 5 109
0 6 105
0 7 28
3 8 56
4 9 107
7 10 100
0 11 81
4 12 50
5 13 86
2 14 90
6 15 77
15 16 99
16 17 61
10 18 104
7 19 44
8 20 2
3 21 14
13 22 72
0 23 38
6 24 33
20 25 24
8 26 39
5 27 25
14 28 96
23 29 12
5 30 9
14 31 97
30 32 91
27 33 43
14 34 35
4 35 1
0 36 70
1 37 81
35 38 5
3 39 44
34 40 93
39 41 64
35 42 97
16 43 63
29 44 53
27 45 65
14 46 27
43 47 103
10 48 96
21 49 22
2 50 25
20 51 7
43 52 48
47 53 75
45 54 43
28 55 65
8 56 6
8 57 98
24 58 15
27 59 91
19 60 69
31 61 66
9 62 21
30 63 49
45 64 97
19 65 94
55 66 75
59 67 35
42 68 63
56 69 5
35 70 97
37 71 44
9 72 29
46 73 64
73 74 80
40 75 79
41 76 57
57 77 36
34 78 59
17 79 3
61 80 105
8 81 68
77 82 105
23 83 78
76 84 58
77 85 15
13 86 55
31 87 93
26 88 86
14 89 106
78 90 79
10 91 42
14 92 102
91 93 22
39 94 22
48 95 40
51 96 81
5 97 93
9 98 25
32 99 80
11 100 69
34 101 58
13 102 102
59 103 84
14 104 82
15 105 23
47 106 99
85 107 72
28 108 106
75 109 32
38 110 38
63 111 33
22 112 51
93 113 28
31 114 102
9 115 18
49 116 84
21 117 1
89 118 63
65 119 73
116 120 69
57 121 50
73 122 54
71 123 101
17 124 50
122 125 83
63 126 4
38 127 95
48 128 92
70 129 74
121 130 73
87 131 106
68 132 7
46 133 67
7 134 32
74 135 23
123 136 106
113 137 107
89 138 77
58 139 10
54 140 72
76 141 83
96 142 11
81 143 86
87 144 30
25 145 63
104 146 71
47 147 32
86 148 22
22 149 28
75 150 29
19 151 43
20 152 45
4 153 72
119 154 98
15 155 29
51 156 21
43 157 34
129 158 18
6 159 18
132 160 67
123 161 27
102 162 70
156 163 63
39 164 8
164 165 74
10 166 85
65 167 25
79 168 73
23 169 108
153 170 77
95 171 52
20 172 12
4 173 5
166 174 22
40 175 90
127 176 7
32 177 69
13 178 71
49 179 60
161 180 58
26 181 3
103 182 17
11 183 62
52 184 44
30 185 36
40 186 32
39 187 6
92 188 48
186 189 9
167 190 55
164 191 12
80 192 56
181 193 15
4 194 52
7 195 69
10 196 99
167 197 17
66 198 54
14 199 30
107 200 13
25 201 57
42 202 91
91 203 15
25 204 3
90 205 17
47 206 64
203 207 89
206 208 36
98 209 17
113 210 6
166 211 6
12 212 21
38 213 99
3 214 99
17 215 60
187 216 4
9 217 44
199 218 56
60 219 83
121 220 89
149 221 54
25 222 31
175 223 56
211 224 103
216 225 106
142 226 63
181 227 48
177 228 15
222 229 2
97 230 29
207 231 81
222 232 8
86 233 74
166 234 74
142 235 60
157 236 35
196 237 73
49 238 44
122 239 52
181 240 83
112 241 36
208 242 43
140 243 41
114 244 99
76 245 47
170 246 52
56 247 96
194 248 24
32 249 97
37 250 34
59 251 43
208 252 69
251 253 1
251 254 32
26 255 69
77 256 42
5 257 65
121 258 97
28 259 105
10 260 70
169 261 78
128 262 22
62 263 89
64 264 21
177 265 106
130 266 85
73 267 43
248 268 48
208 269 23
144 270 104
129 271 10
51 272 67
102 273 14
200 274 87
226 275 29
235 276 76
127 277 60
150 278 15
141 279 60
279 280 84
124 281 24
152 282 107
174 283 87
99 284 27
125 285 47
6 286 16
265 287 29
190 288 25
147 289 43
248 290 6
17 291 95
51 292 109
288 293 25
38 294 81
153 295 57
257 296 50
174 297 30
151 298 10
143 299 17
127 300 58
149 301 52
131 302 70
74 303 81
104 304 89
107 305 11
90 306 89
116 307 100
119 308 33
229 309 4
120 310 53
71 311 92
260 312 23
156 313 70
262 314 5
119 315 65
106 316 64
231 317 67
187 318 41
46 319 4
103 320 62
49 321 21
286 322 44
188 323 13
111 324 76
262 325 40
133 326 108
222 327 6
105 328 33
149 329 78
167 330 59
272 331 16
205 332 6
295 333 79
85 334 58
185 335 91
4 336 108
234 337 25
57 338 59
337 339 51
303 340 14
140 341 94
107 342 58
31 343 41
104 344 12
273 345 93
110 346 61
292 347 29
87 348 3
331 349 104
54 350 50
39 351 82
327 352 61
181 353 70
284 354 37
242 355 83
26 356 8
339 357 82
55 358 84
173 359 88
113 360 76
131 361 98
330 362 37
85 363 92
234 364 59
30 365 31
70 366 29
214 367 105
56 368 35
170 369 35
169 370 59
242 371 79
258 372 98
182 373 58
273 374 55
99 375 46
212 376 66
371 377 23
149 378 30
343 379 21
248 380 12
221 381 103
13 382 76
66 383 100
94 384 32
182 385 101
356 386 46
198 387 42
261 388 69
72 389 20
201 390 62
15 391 65
136 392 75
364 393 26
215 394 44
355 395 101
298 396 7
20 397 44
235 398 30
109 399 97
354 400 21
283 401 93
46 402 32
290 403 62
264 404 3
76 405 30
328 406 87
18 407 25
78 408 98
31 409 46
225 410 70
350 411 51
296 412 63
282 413 81
295 414 102
314 415 50
140 416 20
262 417 77
149 418 48
46 419 4
363 420 101
265 421 71
6 422 48
400 423 87
46 424 28
347 425 62
202 426 34
80 427 97
82 428 84
178 429 85
154 430 64
355 431 106
244 432 17
380 433 54
113 434 106
23 435 49
229 436 27
232 437 107
168 438 28
414 439 9
112 440 55
16 441 11
87 442 70
225 443 10
283 444 39
173 445 49
258 446 37
337 447 95
434 448 75
29 449 102
389 450 106
110 451 73
248 452 93
184 453 23
304 454 97
249 455 70
68 456 50
153 457 20
203 458 40
210 459 71
145 460 95
27 461 73
27 462 98
255 463 67
110 464 50
51 465 39
26 466 75
186 467 53
114 468 23
136 469 95
438 470 98
21 471 105
441 472 69
455 473 103
99 474 12
284 475 100
66 476 48
15 477 93
147 478 15
37 479 37
175 480 24
188 481 12
465 482 2
280 483 64
332 484 38
386 485 66
67 486 78
386 487 53
8 488 29
304 489 85
284 490 85
388 491 89
475 492 84
2 493 44
280 494 63
240 495 42
142 496 5
321 497 27
132 498 109
222 499 95
234 500 43
307 501 49
101 502 33
487 503 87
193 504 45
98 505 35
341 506 45
14 507 63
487 508 56
93 509 48
391 510 95
61 511 81
483 512 93
362 513 63
61 514 33
305 515 55
92 516 100
29 517 98
378 518 72
10 519 87
4 520 11
32 521 72
241 522 50
96 523 64
488 524 73
284 525 66
177 526 37
418 527 50
134 528 98
146 529 29
84 530 42
50 531 12
517 532 91
353 533 76
171 534 57
337 535 61
233 536 46
389 537 58
130 538 109
30 539 17
336 540 88
170 541 81
160 542 44
312 543 28
495 544 83
126 545 92
363 546 9
400 547 78
347 548 56
307 549 49
26 550 99
31 551 77
56 552 62
476 553 99
200 554 69
456 555 60
65 556 78
62 557 24
238 558 60
487 559 86
293 560 24
51 561 9
272 562 2
466 563 3
296 564 29
346 565 82
197 566 40
511 567 86
136 568 88
212 569 107
105 570 67
219 571 88
121 572 109
496 573 12
510 574 70
34 575 14
49 576 3
487 577 26
249 578 48
48 579 19
213 580 69
374 581 35
481 582 23
554 583 31
202 584 11
374 585 47
44 586 104
111 587 30
217 588 108
507 589 28
588 590 102
363 591 44
427 592 109
108 305 8
245 576 80
458 571 75
202 587 28
464 500 41
152 470 63
97 481 31
193 213 10
16 118 86
221 425 18
451 570 23
369 473 71
85 317 99
147 302 94
27 341 100
22 513 73
203 583 16
103 559 108
227 235 93
172 535 25
334 355 87
315 411 109
435 477 103
310 473 72
334 562 73
393 487 71
114 341 82
169 529 27
195 563 25
96 415 17
132 453 17
374 511 35
398 420 22
81 346 23
210 545 23
378 574 13
360 456 47
95 561 55
17 425 107
150 240 71
467 526 4
7 373 32
138 545 50
289 333 38
54 111 10
27 412 77
32 436 104
161 398 27
262 472 24
180 439 57
22 58 65
233 325 23
199 240 76
102 303 74
209 504 76
69 83 29
222 395 23
158 335 13
77 369 91
75 141 103
292 359 83
132 466 7
22 572 55
117 273 3
317 425 20
103 544 31
477 484 90
146 278 50
119 261 72
376 389 85
26 214 29
135 235 46
80 386 9
228 283 49
261 564 94
329 586 78
105 262 57
358 402 63
125 183 89
108 477 54
129 544 101
230 253 100
376 496 106
5 528 32
104 318 1
314 369 65
353 407 94
76 282 31
10 259 45
327 353 71
79 118 43
44 304 62
359 509 19
90 348 32
175 554 72
203 511 11
499 543 68
293 400 62
7 512 87
393 513 93
10 45 87
71 511 7
71 405 105
126 541 22
113 172 44
181 283 42
384 426 11
260 461 48
532 549 9
87 332 34
530 532 51
212 571 97
136 420 41
235 333 32
48 470 88
69 490 42
22 460 19
167 286 81
184 558 98
65 388 11
181 302 103
191 462 102
77 155 78
375 587 92
349 420 51
481 518 105
28 131 3
272 451 1
73 231 106
454 522 75
71 150 80
115 569 47
408 487 41
87 129 60
326 444 98
101 552 20
228 345 24
99 193 53
339 378 72
276 363 59
265 563 69
552 592 4
188 457 54
48 327 19
330 352 95
154 197 41
241 470 63
202 312 107
0 506 74
91 505 57
286 497 15
346 550 38
6 167 88
493 511 45
115 227 97
15 250 92
391 442 47
280 309 12
415 445 96
287 454 98
152 559 3
69 521 13
40 358 43
360 577 18
80 526 89
370 473 68
9 266 85
46 221 36
506 591 62
92 131 80
218 556 27
214 255 14
228 469 81
158 347 48
107 396 15
376 377 53
35 361 35
306 340 83
8 275 106
310 354 85
12 162 98
441 520 45
140 573 30
405 523 33
271 431 66
563 587 55
107 493 90
10 237 7
130 278 27
63 458 7
165 489 30
166 269 31
38 341 62
82 377 21
28 181 43
203 379 39
102 566 64
153 409 77
484 486 47
250 328 96
392 413 109
510 579 67
256 489 65
248 311 40
112 258 26
237 483 2
18 283 66
504 555 12
272 306 39
350 477 60
492 557 97
112 237 7
139 563 70
264 577 32
41 448 32
1 337 99
43 166 33
108 578 94
433 485 94
231 567 26
205 482 16
461 475 65
532 534 39
28 137 50
310 424 78
74 559 53
16 87 14
422 432 3
355 488 76
417 475 72
131 221 64
110 264 62
52 126 97
520 587 64
41 57 72
147 177 58
192 288 26
194 428 61
207 388 83
91 567 80
62 328 65
365 521 18
343 455 28
48 151 35
325 513 66
3 287 40
508 588 97
49 150 107
507 571 48
579 592 28
47 257 61
315 546 61
93 169 57
393 588 16
159 166 61
69 195 12
217 542 59
184 415 63
290 410 22
370 506 109
202 466 60
67 509 29
215 461 76
111 385 87
195 461 103
113 326 94
476 483 104
290 469 25
52 339 31
30 523 16
105 183 10
73 450 31
418 436 94
275 417 21
53 93 25
32 453 68
296 301 17
479 549 108
485 523 32
329 463 67
174 532 100
1 187 92
125 314 28
341 481 84
82 230 99
491 519 76
409 566 5
125 431 103
384 452 82
508 544 84
207 453 101
194 274 50
21 311 92
98 501 92
41 571 67
210 321 13
426 503 28
87 214 1
80 465 32
337 407 13
161 412 6
44 83 33
303 351 49
140 392 68
165 209 48
498 537 86
142 419 81
294 567 27
394 411 76
321 473 24
172 566 93
400 478 73
182 520 26
241 429 24
436 476 42
136 575 12
28 118 72
106 556 4
268 527 42
69 460 7
109 398 109
119 384 79
302 575 57
498 526 31
179 501 34
364 582 4
189 282 61
99 530 8
233 262 54
529 536 49
48 328 10
188 410 39
106 405 72
184 303 91
147 283 106
185 194 92
294 390 54
149 353 108
210 488 21
299 323 7
24 81 19
194 288 97
152 508 45
120 384 44
85 433 108
24 99 30
161 551 102
403 567 94
201 423 95
81 262 70
192 328 13
194 460 78
233 352 6
146 150 107
24 568 34
44 444 90
458 550 93
347 547 70
120 264 44
300 572 69
234 303 72
108 488 93
11 307 59
168 257 3
160 503 24
288 592 13
198 220 83
157 275 92
126 340 56
169 516 91
414 432 61
77 276 54
33 311 60
135 275 44
247 590 106
270 435 51
352 366 108
56 293 10
423 465 36
109 410 6
148 149 105
112 233 17
347 534 48
214 414 18
24 135 56
103 519 19
244 271 84
163 298 39
95 257 15
211 452 16
75 400 12
30 118 78
20 572 85
406 555 29
414 517 4
42 452 100
10 382 81
202 470 15
217 540 52
36 342 25
52 172 100
23 320 42
88 448 98
255 440 48
28 571 54
20 542 72
422 558 83
131 576 21
105 117 78
167 399 42
66 323 104
386 557 72
21 575 12
87 120 54
499 514 47
524 570 106
444 582 80
222 499 83
338 517 28
146 512 4
187 277 17
129 557 31
319 502 95
222 404 81
152 274 107
130 187 62
39 308 88
3 33 78
55 107 14
112 121 58
215 458 89
129 371 21
194 577 49
194 207 25
524 547 43
72 173 47
300 312 64
16 86 105
284 475 32
14 66 99
253 270 94
29 468 60
32 356 2
210 251 66
177 253 28
204 404 95
124 306 44
84 504 53
18 48 53
5 416 49
5 513 30
94 257 34
252 267 34
125 400 54
79 186 89
95 207 26
263 343 74
253 295 96
178 215 14
318 463 91
144 149 58
301 454 49
275 385 64
9 429 17
463 533 37
427 447 89
59 357 94
51 87 100
38 389 24
74 334 51
400 421 60
187 347 31
2 259 39
410 505 24
252 496 59
133 577 101
297 587 56
55 350 95
177 557 72
344 512 57
117 362 55
103 221 47
114 540 84
93 268 22
79 141 80
296 490 12
148 489 48
239 324 9
267 435 108
199 326 100
208 540 85
347 438 65
27 490 23
10 395 97
223 469 39
291 570 92
147 413 16
206 405 7
407 469 106
280 291 22
47 303 97
217 484 9
470 551 1
193 581 12
304 587
304 587
304 587
304 587
304 587
304 587
304 587
304 587
304 587
304 587
304 587
304 587
304 587
304 587
304 587
304 587
304 587
304 587
304 587
304 587
304 587
304 587
304 587
304 587
304 587
304 587
304 587
304 587
304 587
304 587
304 587
304 587
304 587
304 587
304 587
304 587
304 587
304 587
304 587
304 587
304 587
304 587
304 587
304 587
304 587
304 587
304 587
304 587
304 587
304 587
304 587
304 587
304 587
304 587
304 587
304 587
304 587
304 587
304 587
304 587
304 587
304 587
304 587
304 587
304 587
304 587
304 587
304 587
304 587
304 587
304 587
304 587
420 565
420 565
420 565
420 565
420 565
420 565
420 565
420 565
420 565
420 565
420 565
420 565
420 565
420 565
420 565
420 565
420 565
420 565
420 565
420 565
420 565
420 565
420 565
420 565
420 565
420 565
420 565
420 565
420 565
420 565
420 565
420 565
420 565
420 565
420 565
420 565
420 565
420 565
420 565
420 565
420 565
420 565
420 565
420 565
420 565
420 565
420 565
420 565
420 565
420 565
420 565
420 565
420 565
420 565
420 565
420 565
420 565
420 565
420 565
420 565
420 565
420 565
420 565
420 565
420 565
420 565
420 565
420 565
420 565
420 565
178 353
178 353
178 353
178 353
178 353
178 353
178 353
178 353
178 353
178 353
178 353
178 353
178 353
178 353
178 353
178 353
178 353
178 353
178 353
178 353
178 353
178 353
178 353
178 353
178 353
178 353
178 353
178 353
178 353
178 353
178 353
178 353
178 353
178 353
178 353
178 353
178 353
217 546
217 546
217 546
217 546
217 546
217 546
217 546
217 546
217 546
217 546
217 546
217 546
217 546
217 546
217 546
217 546
217 546
217 546
217 546
217 546
217 546
217 546
217 546
217 546
217 546
217 546
217 546
217 546
217 546
217 546
217 546
217 546
445 483
445 483
445 483
445 483
445 483
445 483
445 483
445 483
445 483
445 483
445 483
445 483
445 483
445 483
445 483
445 483
445 483
445 483
445 483
445 483
445 483
445 483
445 483
445 483
445 483
445 483
445 483
445 483
445 483
445 483
445 483
445 483
498 504
498 504
498 504
498 504
498 504
498 504
498 504
498 504
498 504
498 504
498 504
498 504
498 504
498 504
498 504
498 504
498 504
498 504
498 504
498 504
498 504
498 504
498 504
498 504
498 504
498 504
498 504
498 504
498 504
498 504
498 504
498 504
498 504
498 504
498 504
498 504
498 504
498 504
498 504
498 504
498 504
498 504
498 504
498 504
498 504
498 504
498 504
498 504
498 504
498 504
498 504
498 504
498 504
498 504
498 504
498 504
498 504
498 504
498 504
113 485
113 485
113 485
113 485
113 485
113 485
113 485
113 485
7 382
7 382
7 382
7 382
7 382
7 382
7 382
7 382
7 382
7 382
7 382
7 382
7 382
7 382
7 382
7 382
7 382
7 382
7 382
7 382
7 382
7 382
7 382
7 382
7 382
7 382
7 382
7 382
7 382
7 382
7 382
7 382
7 382
7 382
7 382
7 382
7 382
7 382
7 382
7 382
7 382
7 382
7 382
7 382
7 382
7 382
7 382
7 382
7 382
7 382
7 382
7 382
7 382
7 382
70 298
70 298
70 298
70 298
70 298
70 298
70 298
70 298
70 298
70 298
70 298
70 298
70 298
70 298
70 298
70 298
70 298
70 298
70 298
70 298
70 298
70 298
70 298
70 298
70 298
70 298
70 298
70 298
70 298
70 298
70 298
70 298
70 298
70 298
70 298
70 298
70 298
70 298
70 298
70 298
70 298
70 298
70 298
70 298
70 298
70 298
70 298
70 298
70 298
70 298
70 298
70 298
70 298
70 298
70 298
70 298
70 298
70 298
70 298
112 394
112 394
146 240
146 240
146 240
146 240
146 240
146 240
146 240
146 240
146 240
146 240
146 240
146 240
146 240
146 240
146 240
146 240
146 240
146 240
146 240
146 240
146 240
146 240
146 240
146 240
146 240
146 240
146 240
146 240
146 240
146 240
146 240
146 240
146 240
146 240
146 240
146 240
146 240
146 240
146 240
146 240
146 240
146 240
146 240
146 240
146 240
146 240
146 240
146 240
146 240
146 240
146 240
146 240
146 240
146 240
146 240
146 240
146 240
146 240
146 240
146 240
146 240
146 240
146 240
146 240
146 240
146 240
146 240
193 527
193 527
193 527
193 527
193 527
193 527
193 527
193 527
193 527
193 527
193 527
193 527
193 527
193 527
193 527
193 527
567 576
567 576
567 576
567 576
567 576
567 576
567 576
567 576
567 576
567 576
567 576
567 576
567 576
567 576
567 576
567 576
567 576
567 576
567 576
567 576
567 576
567 576
567 576
567 576
567 576
567 576
567 576
567 576
567 576
567 576
567 576
567 576
567 576
567 576
567 576
567 576
567 576
567 576
567 576
567 576
567 576
567 576
567 576
567 576
567 576
567 576
567 576
567 576
567 576
567 576
567 576
567 576
567 576
567 576
567 576
567 576
567 576
567 576
567 576
567 576
567 576
567 576
567 576
567 576
375 530
375 530
375 530
375 530
375 530
375 530
375 530
375 530
375 530
375 530
375 530
375 530
375 530
375 530
375 530
375 530
375 530
375 530
375 530
375 530
375 530
375 530
375 530
375 530
375 530
375 530
375 530
375 530
375 530
375 530
375 530
375 530
375 530
375 530
375 530
375 530
375 530
375 530
375 530
375 530
375 530
375 530
375 530
375 530
375 530
375 530
375 530
375 530
375 530
375 530
375 530
7 382
7 382
7 382
7 382
7 382
7 382
7 382
7 382
7 382
7 382
7 382
7 382
7 382
7 382
7 382
7 382
7 382
7 382
7 382
7 382
7 382
7 382
7 382
7 382
7 382
7 382
7 382
7 382
7 382
7 382
7 382
7 382
7 382
7 382
7 382
7 382
7 382
7 382
7 382
7 382
7 382
7 382
7 382
7 382
7 382
7 382
7 382
7 382
7 382
7 382
7 382
17 547
17 547
17 547
17 547
17 547
17 547
17 547
17 547
17 547
17 547
17 547
17 547
17 547
17 547
17 547
17 547
17 547
17 547
17 547
17 547
17 547
17 547
17 547
17 547
17 547
17 547
17 547
17 547
17 547
17 547
17 547
17 547
17 547
17 547
17 547
17 547
17 547
17 547
17 547
17 547
17 547
17 547
17 547
73 135
73 135
73 135
73 135
73 135
73 135
73 135
73 135
73 135
73 135
73 135
73 135
73 135
73 135
73 135
73 135
73 135
73 135
73 135
73 135
73 135
73 135
73 135
73 135
73 135
73 135
73 135
73 135
73 135
73 135
73 135
73 135
73 135
73 135
73 135
73 135
73 135
73 135
73 135
73 135
73 135
73 135
73 135
73 135
73 135
329 541
329 541
329 541
329 541
329 541
329 541
329 541
329 541
329 541
329 541
329 541
329 541
329 541
329 541
329 541
329 541
329 541
329 541
329 541
329 541
329 541
329 541
329 541
329 541
329 541
329 541
329 541
329 541
329 541
329 541
329 541
329 541
329 541
329 541
329 541
329 541
329 541
329 541
329 541
329 541
329 541
329 541
329 541
329 541
329 541
329 541
329 541
329 541
329 541
329 541
329 541
329 541
329 541
329 541
329 541
329 541
329 541
329 541
329 541
46 144
46 144
46 144
46 144
46 144
46 144
46 144
46 144
46 144
46 144
46 144
46 144
46 144
46 144
46 144
46 144
46 144
46 144
46 144
46 144
46 144
46 144
46 144
46 144
46 144
46 144
46 144
46 144
46 144
46 144
46 144
46 144
46 144
46 144
46 144
46 144
46 144
46 144
46 144
46 144
46 144
46 144
46 144
46 144
46 144
46 144
46 144
46 144
2 392
2 392
2 392
2 392
2 392
2 392
2 392
2 392
2 392
2 392
2 392
2 392
2 392
2 392
2 392
2 392
2 392
2 392
2 392
2 392
2 392
2 392
2 392
2 392
2 392
2 392
2 392
2 392
2 392
254 467
254 467
254 467
254 467
254 467
254 467
254 467
254 467
254 467
254 467
254 467
254 467
254 467
254 467
254 467
254 467
254 467
254 467
254 467
254 467
254 467
254 467
254 467
254 467
254 467
254 467
254 467
254 467
254 467
254 467
254 467
254 467
254 467
254 467
254 467
254 467
254 467
254 467
254 467
254 467
254 467
254 467
254 467
254 467
254 467
254 467
254 467
254 467
254 467
254 467
254 467
254 467
254 467
254 467
254 467
254 467
254 467
254 467
254 467
254 467
254 467
254 467
254 467
254 467
254 467
254 467
254 467
254 467
254 467
254 467
47 512
47 512
47 512
47 512
47 512
47 512
47 512
47 512
47 512
47 512
47 512
47 512
47 512
47 512
47 512
47 512
47 512
47 512
47 512
47 512
47 512
47 512
47 512
47 512
47 512
47 512
47 512
47 512
47 512
465 577
465 577
465 577
465 577
465 577
465 577
465 577
465 577
465 577
465 577
465 577
465 577
465 577
465 577
465 577
465 577
465 577
465 577
465 577
465 577
465 577
465 577
465 577
465 577
465 577
465 577
465 577
465 577
465 577
465 577
465 577
465 577
165 297
165 297
165 297
165 297
165 297
165 297
165 297
165 297
165 297
165 297
165 297
165 297
165 297
165 297
165 297
165 297
165 297
165 297
165 297
165 297
165 297
165 297
165 297
165 297
205 401
205 401
205 401
205 401
205 401
205 401
205 401
205 401
205 401
205 401
205 401
205 401
205 401
205 401
205 401
205 401
205 401
205 401
205 401
205 401
205 401
205 401
205 401
205 401
205 401
205 401
205 401
205 401
205 401
205 401
205 401
205 401
205 401
205 401
205 401
205 401
205 401
205 401
205 401
205 401
205 401
205 401
205 401
205 401
205 401
205 401
205 401
205 401
205 401
205 401
205 401
205 401
205 401
205 401
74 532
74 532
74 532
74 532
74 532
74 532
74 532
74 532
74 532
74 532
187 557
187 557
187 557
187 557
187 557
187 557
187 557
187 557
187 557
187 557
187 557
187 557
187 557
187 557
187 557
187 557
187 557
187 557
187 557
187 557
187 557
187 557
187 557
187 557
187 557
187 557
187 557
187 557
187 557
25 534
25 534
25 534
25 534
25 534
25 534
25 534
25 534
25 534
25 534
25 534
25 534
25 534
25 534
25 534
25 534
25 534
25 534
25 534
25 534
25 534
25 534
25 534
25 534
25 534
25 534
25 534
25 534
25 534
25 534
25 534
25 534
25 534
25 534
25 534
25 534
25 534
25 534
25 534
25 534
25 534
25 534
25 534
25 534
25 534
25 534
25 534
25 534
25 534
25 534
25 534
25 534
25 534
25 534
25 534
25 534
25 534
25 534
25 534
25 534
25 534
25 534
0 340
0 340
0 340
0 340
0 340
0 340
0 340
0 340
0 340
0 340
0 340
0 340
0 340
0 340
0 340
0 340
0 340
0 340
0 340
0 340
0 340
0 340
0 340
0 340
0 340
0 340
0 340
0 340
0 340
0 340
0 340
0 340
0 340
0 340
0 340
434 544
434 544
434 544
434 544
434 544
434 544
434 544
434 544
434 544
434 544
434 544
434 544
434 544
434 544
434 544
434 544
434 544
434 544
434 544
434 544
434 544
82 331
82 331
82 331
82 331
82 331
82 331
82 331
82 331
82 331
82 331
82 331
82 331
82 331
82 331
82 331
82 331
82 331
82 331
82 331
82 331
82 331
82 331
82 331
82 331
82 331
82 331
82 331
121 457
121 457
121 457
121 457
121 457
121 457
121 457
121 457
121 457
121 457
121 457
121 457
121 457
121 457
121 457
121 457
121 457
121 457
153 295
153 295
153 295
153 295
153 295
153 295
153 295
153 295
153 295
153 295
73 544
73 544
73 544
73 544
73 544
73 544
73 544
73 544
73 544
73 544
73 544
73 544
73 544
73 544
73 544
73 544
73 544
73 544
73 544
73 544
73 544
73 544
73 544
73 544
73 544
73 544
73 544
73 544
73 544
73 544
73 544
73 544
73 544
73 544
73 544
73 544
73 544
73 544
73 544
73 544
8 380
8 380
8 380
8 380
8 380
8 380
8 380
8 380
8 380
8 380
8 380
8 380
8 380
8 380
8 380
8 380
8 380
8 380
8 380
8 380
8 380
8 380
8 380
8 380
8 380
8 380
8 380
8 380
8 380
8 380
8 380
8 380
8 380
8 380
8 380
8 380
8 380
8 380
8 380
8 380
8 380
8 380
8 380
8 380
8 380
8 380
8 380
8 380
8 380
8 380
8 380
8 380
8 380
8 380
8 380
8 380
8 380
8 380
8 380
8 380
8 380
8 380
8 380
8 380
8 380
8 380
8 380
8 380
8 380
8 380
49 444
49 444
49 444
49 444
49 444
49 444
49 444
49 444
49 444
49 444
49 444
49 444
49 444
49 444
49 444
49 444
49 444
49 444
49 444
49 444
49 444
49 444
49 444
49 444
49 444
49 444
49 444
49 444
49 444
49 444
49 444
49 444
49 444
49 444
49 444
49 444
49 444
49 444
49 444
49 444
49 444
49 444
49 444
49 444
49 444
49 444
49 444
49 444
527 576
527 576
527 576
527 576
527 576
527 576
527 576
527 576
527 576
527 576
527 576
527 576
527 576
315 517
315 517
315 517
315 517
315 517
315 517
315 517
315 517
315 517
315 517
315 517
315 517
315 517
315 517
315 517
315 517
315 517
315 517
315 517
315 517
315 517
315 517
315 517
315 517
315 517
315 517
315 517
315 517
315 517
315 517
315 517
315 517
315 517
315 517
315 517
315 517
315 517
315 517
315 517
315 517
315 517
315 517
315 517
315 517
315 517
315 517
315 517
315 517
315 517
315 517
315 517
315 517
315 517
315 517
502 517
502 517
502 517
502 517
502 517
502 517
502 517
502 517
502 517
502 517
502 517
502 517
502 517
502 517
502 517
502 517
85 526
85 526
85 526
85 526
85 526
85 526
85 526
85 526
85 526
85 526
85 526
85 526
85 526
85 526
85 526
85 526
85 526
85 526
85 526
85 526
85 526
85 526
85 526
85 526
85 526
85 526
85 526
85 526
85 526
85 526
85 526
85 526
85 526
85 526
85 526
85 526
85 526
85 526
85 526
85 526
85 526
85 526
85 526
85 526
85 526
85 526
85 526
85 526
85 526
85 526
85 526
85 526
85 526
85 526
85 526
85 526
85 526
85 526
85 526
22 36
22 36
22 36
22 36
22 36
22 36
22 36
22 36
22 36
22 36
22 36
22 36
22 36
22 36
22 36
22 36
22 36
22 36
22 36
22 36
22 36
22 36
22 36
22 36
22 36
22 36
22 36
22 36
22 36
426 463
426 463
352 399
352 399
352 399
352 399
352 399
352 399
352 399
352 399
352 399
352 399
352 399
352 399
352 399
352 399
352 399
352 399
352 399
352 399
352 399
352 399
352 399
352 399
352 399
352 399
352 399
352 399
352 399
352 399
352 399
352 399
352 399
352 399
352 399
352 399
352 399
352 399
352 399
352 399
352 399
352 399
352 399
352 399
352 399
241 502
241 502
241 502
241 502
241 502
241 502
241 502
241 502
241 502
241 502
241 502
241 502
241 502
241 502
241 502
241 502
241 502
241 502
241 502
241 502
241 502
241 502
241 502
241 502
241 502
241 502
241 502
241 502
241 502
241 502
241 502
241 502
241 502
241 502
241 502
241 502
241 502
241 502
241 502
241 502
241 502
241 502
241 502
155 315
155 315
155 315
155 315
155 315
155 315
155 315
155 315
155 315
155 315
155 315
155 315
155 315
155 315
155 315
155 315
155 315
155 315
155 315
155 315
155 315
155 315
155 315
155 315
155 315
155 315
155 315
155 315
155 315
155 315
155 315
155 315
155 315
155 315
155 315
155 315
155 315
155 315
155 315
155 315
155 315
155 315
155 315
155 315
155 315
155 315
155 315
155 315
155 315
155 315
155 315
155 315
155 315
155 315
155 315
155 315
155 315
155 315
155 315
155 315
155 315
155 315
155 315
155 315
56 357
56 357
56 357
56 357
56 357
56 357
56 357
56 357
56 357
56 357
56 357
56 357
56 357
56 357
56 357
56 357
56 357
56 357
56 357
56 357
56 357
368 440
368 440
368 440
368 440
368 440
519 570
519 570
519 570
519 570
519 570
519 570
519 570
519 570
239 429
239 429
239 429
239 429
239 429
239 429
239 429
239 429
239 429
239 429
239 429
239 429
239 429
239 429
239 429
239 429
239 429
239 429
239 429
239 429
239 429
239 429
239 429
239 429
239 429
239 429
239 429
239 429
239 429
239 429
239 429
239 429
239 429
239 429
239 429
239 429
239 429
239 429
239 429
239 429
239 429
239 429
239 429
239 429
239 429
239 429
239 429
239 429
239 429
239 429
239 429
239 429
239 429
239 429
239 429
239 429
239 429
239 429
239 429
239 429
239 429
239 429
239 429
239 429
239 429
239 429
239 429
239 429
239 429
239 429
239 429
239 429
225 467
225 467
225 467
225 467
225 467
225 467
225 467
225 467
225 467
225 467
225 467
225 467
225 467
225 467
225 467
225 467
225 467
225 467
225 467
225 467
225 467
225 467
225 467
225 467
225 467
225 467
225 467
225 467
225 467
225 467
225 467
225 467
225 467
225 467
225 467
225 467
225 467
225 467
225 467
225 467
225 467
225 467
225 467
225 467
225 467
225 467
225 467
225 467
225 467
225 467
225 467
225 467
225 467
225 467
225 467
225 467
136 459
136 459
136 459
136 459
136 459
136 459
136 459
136 459
136 459
136 459
136 459
136 459
136 459
136 459
136 459
136 459
136 459
136 459
136 459
136 459
136 459
136 459
136 459
136 459
136 459
136 459
136 459
136 459
136 459
136 459
136 459
136 459
136 459
136 459
136 459
136 459
136 459
136 459
136 459
136 459
136 459
136 459
136 459
136 459
136 459
156 178
156 178
156 178
156 178
156 178
156 178
156 178
156 178
156 178
156 178
156 178
156 178
156 178
156 178
156 178
156 178
156 178
156 178
156 178
156 178
156 178
156 178
156 178
156 178
156 178
156 178
156 178
192 553
192 553
192 553
192 553
192 553
192 553
192 553
192 553
192 553
192 553
192 553
192 553
192 553
192 553
192 553
192 553
192 553
192 553
192 553
192 553
192 553
192 553
192 553
192 553
192 553
192 553
192 553
192 553
192 553
192 553
192 553
192 553
192 553
192 553
192 553
192 553
192 553
57 104
57 104
57 104
57 104
57 104
57 104
57 104
57 104
57 104
57 104
57 104
57 104
57 104
57 104
57 104
57 104
57 104
57 104
57 104
57 104
57 104
57 104
57 104
57 104
57 104
57 104
57 104
57 104
57 104
57 104
57 104
57 104
57 104
57 104
57 104
57 104
57 104
57 104
57 104
57 104
57 104
57 104
57 104
57 104
57 104
57 104
57 104
57 104
57 104
57 104
57 104
57 104
57 104
57 104
57 104
57 104
225 270
225 270
225 270
225 270
225 270
225 270
225 270
225 270
225 270
225 270
225 270
225 270
225 270
225 270
225 270
225 270
225 270
225 270
225 270
225 270
225 270
225 270
225 270
225 270
225 270
225 270
225 270
225 270
225 270
225 270
225 270
225 270
225 270
225 270
225 270
225 270
225 270
225 270
225 270
225 270
225 270
225 270
225 270
225 270
225 270
51 587
51 587
51 587
51 587
51 587
51 587
51 587
51 587
51 587
51 587
51 587
51 587
51 587
51 587
51 587
51 587
51 587
51 587
51 587
51 587
51 587
51 587
51 587
51 587
51 587
51 587
51 587
51 587
51 587
51 587
51 587
51 587
51 587
51 587
51 587
51 587
51 587
51 587
51 587
51 587
51 587
51 587
51 587
51 587
51 587
51 587
51 587
51 587
51 587
51 587
51 587
51 587
51 587
51 587
51 587
51 587
51 587
51 587
51 587
51 587
51 587
51 587
121 434
121 434
121 434
121 434
121 434
121 434
121 434
121 434
121 434
121 434
121 434
121 434
121 434
121 434
121 434
121 434
121 434
121 434
121 434
121 434
121 434
121 434
121 434
121 434
121 434
121 434
121 434
121 434
121 434
121 434
121 434
121 434
121 434
121 434
121 434
121 434
121 434
121 434
121 434
121 434
121 434
121 434
121 434
121 434
121 434
121 434
121 434
121 434
121 434
121 434
121 434
121 434
121 434
121 434
121 434
121 434
121 434
121 434
121 434
121 434
121 434
121 434
297 487
297 487
297 487
297 487
297 487
297 487
297 487
297 487
297 487
297 487
297 487
297 487
297 487
297 487
297 487
297 487
297 487
297 487
297 487
297 487
297 487
297 487
297 487
297 487
297 487
297 487
297 487
297 487
297 487
297 487
297 487
297 487
297 487
297 487
297 487
297 487
297 487
297 487
297 487
297 487
297 487
297 487
297 487
297 487
297 487
297 487
297 487
297 487
297 487
297 487
297 487
32 108
32 108
32 108
32 108
32 108
32 108
32 108
32 108
32 108
32 108
32 108
32 108
32 108
32 108
32 108
32 108
32 108
32 108
32 108
32 108
32 108
32 108
32 108
32 108
32 108
32 108
32 108
32 108
32 108
32 108
32 108
32 108
32 108
32 108
32 108
32 108
32 108
32 108
32 108
32 108
32 108
32 108
32 108
32 108
32 108
107 545
107 545
107 545
107 545
107 545
107 545
107 545
107 545
107 545
107 545
107 545
107 545
107 545
107 545
107 545
107 545
107 545
107 545
107 545
107 545
107 545
107 545
107 545
107 545
107 545
107 545
107 545
107 545
107 545
107 545
107 545
107 545
107 545
107 545
107 545
107 545
107 545
107 545
107 545
107 545
107 545
107 545
107 545
107 545
107 545
107 545
107 545
107 545
107 545
107 545
107 545
107 545
107 545
107 545
107 545
107 545
107 545
107 545
107 545
107 545
107 545
107 545
107 545
107 545
107 545
107 545
107 545
107 545
107 545
107 545
107 545
107 545
29 580
29 580
29 580
29 580
29 580
29 580
29 580
29 580
29 580
29 580
29 580
29 580
29 580
29 580
29 580
29 580
29 580
29 580
29 580
29 580
29 580
29 580
29 580
29 580
29 580
29 580
29 580
29 580
29 580
29 580
29 580
29 580
29 580
29 580
29 580
29 580
29 580
29 580
29 580
29 580
29 580
29 580
29 580
29 580
29 580
29 580
29 580
29 580
29 580
29 580
29 580
29 580
29 580
29 580
29 580
29 580
299 378
299 378
299 378
299 378
299 378
299 378
299 378
299 378
299 378
299 378
299 378
299 378
299 378
299 378
299 378
299 378
299 378
299 378
299 378
299 378
299 378
299 378
299 378
299 378
299 378
299 378
299 378
299 378
299 378
299 378
299 378
299 378
299 378
299 378
299 378
299 378
299 378
299 378
299 378
299 378
299 378
299 378
299 378
299 378
299 378
299 378
299 378
299 378
299 378
299 378
299 378
299 378
299 378
299 378
325 541
325 541
325 541
325 541
325 541
325 541
325 541
325 541
325 541
325 541
325 541
325 541
325 541
325 541
325 541
325 541
325 541
