97
64 65
46 70
68 69
69 70
72 73
117 119
85 87
44 45
117 119
117 118
109 110
101 103
103 104
116 139
41 42
36 38
84 97
97 98
48 72
95 111
121 122
40 41
40 56
56 74
74 85
101 102
101 102
43 62
39 40
86 88
93 110
100 102
61 76
106 108
108 121
63 64
121 122
124 146
122 146
118 121
99 100
87 101
99 112
35 36
38 39
104 106
89 106
76 89
61 76
89 106
61 62
43 45
26 43
84 97
112 129
98 99
97 98
72 84
34 35
18 34
27 28
26 27
61 62
76 89
89 106
164 166
76 89
89 106
108 121
98 99
31 32
74 85
87 101
102 115
115 137
116 119
29 30
28 29
43 62
61 76
106 108
64 65
62 64
42 43
40 41
38 39
38 52
49 50
49 51
72 84
84 97
100 102
101 102
106 108
108 109
109 110
110 111
11 10 6 172 17 33 34 186 314 52 54 73 74 18 35 36 38 53 74
23 11 6 1 0 2 3 173 36 38 52 195 196 74 1 4 19 39 56 74
2 10 6 172 17 33 34 186 37 52 195 196 74 18 35 36 38 53 74
3 10 6 172 17 33 34 186 37 52 195 196 74 18 35 36 38 53 74
24 11 6 1 0 2 3 173 36 38 257 251 252 74 1 4 19 39 56 74
5 10 6 172 17 33 34 186 37 52 195 196 74 18 35 36 38 53 74
6 10 7 172 288 287 272 244 273 257 55 252 74 18 35 36 38 39 56 74
25 16 9 0 1 172 288 287 185 247 318 319 285 298 271 283 127 126 220 0 18 35 48 84 97 99 112 129
8 16 9 0 1 172 17 33 185 71 83 96 97 98 202 111 127 126 220 0 18 35 48 84 97 99 112 129
19 16 9 0 1 172 288 287 185 247 286 282 285 284 271 283 127 126 220 0 18 35 48 84 97 99 112 129
10 16 9 0 1 172 17 33 185 71 83 96 97 98 202 111 127 126 220 0 18 35 48 84 97 99 112 129
28 21 13 0 1 172 288 287 185 71 318 319 97 98 269 320 302 303 137 223 153 225 150 149 0 18 35 48 84 97 99 102 115 137 138 155 153
18 16 9 0 1 172 288 287 185 71 286 282 285 284 271 111 127 126 220 0 18 35 48 84 97 99 112 129
13 16 9 0 1 172 17 33 185 71 83 96 97 98 202 111 127 126 220 0 18 35 48 84 97 99 112 129
1 4 1 1 172 288 287 18
26 13 6 3 4 5 174 175 176 25 26 183 306 305 30 299 5 7 24 27 29 31
1 13 6 3 4 5 174 175 176 25 26 183 27 29 30 31 5 7 24 27 29 31
5 13 6 3 4 5 174 175 176 25 26 183 306 305 30 299 5 7 24 27 29 31
6 15 8 3 4 5 174 175 176 25 290 289 27 29 15 16 179 31 5 7 24 27 29 30 16 17
4 13 6 3 4 5 174 175 176 25 26 183 27 29 30 31 5 7 24 27 29 31
14 14 6 3 4 5 174 175 8 11 12 13 14 177 16 179 31 5 7 9 13 16 17
31 13 6 3 4 5 174 175 176 25 290 289 306 305 30 299 5 7 24 27 29 31
7 13 6 3 4 5 174 175 176 25 26 183 27 29 30 31 5 7 24 27 29 31
18 9 6 173 36 38 314 244 35 317 47 247 19 39 38 36 51 48
15 8 6 173 36 38 37 186 34 185 71 19 39 38 36 35 48
29 8 6 173 36 38 273 244 272 185 247 19 39 38 36 35 48
7 8 6 173 36 38 314 186 272 185 71 19 39 38 36 35 48
20 13 6 5 19 20 180 251 252 253 235 270 255 260 112 213 21 56 74 87 100 113
9 13 6 5 19 20 180 55 196 84 86 100 101 203 112 213 21 56 74 87 100 113
19 13 6 5 19 20 180 251 196 253 235 270 254 260 112 213 21 56 74 87 100 113
11 13 6 5 19 20 180 55 196 84 86 100 101 203 112 213 21 56 74 87 100 113
34 13 6 5 19 20 180 251 252 300 235 301 321 320 112 213 21 56 74 87 100 113
2 14 7 4 173 36 38 39 251 252 253 235 270 321 320 269 271 19 39 56 74 87 100 99
3 14 9 4 173 36 38 314 244 272 185 71 318 319 97 284 202 19 39 38 36 35 48 84 97 99
35 3 1 174 175 7 9
3 3 1 174 175 7 9
15 11 5 174 19 20 180 55 196 300 86 301 254 302 21 56 74 87 102
22 14 9 175 176 23 190 59 277 276 88 258 85 86 100 321 302 24 60 61 76 89 88 85 87 102
16 11 5 174 19 20 180 55 196 84 86 100 101 204 21 56 74 87 102
17 11 5 174 19 20 180 55 196 84 86 100 101 204 21 56 74 87 102
18 11 5 174 19 20 180 55 196 84 86 100 101 204 21 56 74 87 102
15 11 5 6 22 182 187 251 252 253 235 270 255 204 22 56 74 87 102
26 13 9 6 181 23 190 59 261 292 275 274 241 240 255 302 42 60 61 76 89 106 104 103 101
21 11 5 174 19 20 180 55 196 84 86 100 101 204 21 56 74 87 102
0 1 0 7
18 11 4 8 11 12 13 14 28 29 30 299 32 45 13 29 31 33
33 10 4 176 25 290 289 306 305 30 299 32 45 27 29 31 33
12 10 4 176 25 26 183 27 29 30 299 32 45 27 29 31 33
13 11 4 176 23 312 307 311 310 66 67 68 69 230 43 64 68 69
30 10 4 176 25 290 289 27 29 30 299 32 45 27 29 31 33
28 4 2 9 8 175 6 9 7
33 4 2 9 8 175 6 9 7
27 4 2 9 8 175 6 9 7
9 4 0 9 8 176 181
2 4 0 9 8 176 181
15 4 0 9 8 176 181
30 4 2 9 8 175 6 9 7
17 4 0 9 8 176 181
34 4 0 9 8 176 181
0 12 3 10 24 184 192 61 64 66 67 79 81 93 94 43 64 82
1 12 3 10 24 184 192 61 64 66 67 79 81 93 94 43 64 82
2 12 3 10 24 184 192 61 64 66 67 79 81 93 94 43 64 82
30 13 7 10 24 281 192 291 277 295 278 105 323 324 210 110 43 62 61 76 89 106 110
4 12 3 10 24 184 192 61 64 66 67 79 81 93 94 43 64 82
5 12 3 10 24 184 192 61 64 66 67 79 81 93 94 43 64 82
23 13 7 10 24 184 256 198 261 199 278 309 323 324 325 110 43 62 61 76 89 106 110
29 13 7 8 176 23 190 59 277 292 275 105 323 324 210 248 42 60 61 76 89 106 110
0 4 0 12 13 14 177
8 6 2 12 11 8 175 174 5 9 6
23 6 2 12 11 8 175 174 5 9 6
1 12 9 14 178 43 44 191 42 59 60 199 201 105 208 44 45 43 60 61 76 89 106 108
7 12 8 14 178 289 290 281 42 59 277 295 278 105 208 28 43 60 61 76 89 106 108
19 12 8 14 178 183 26 281 256 279 60 295 296 262 263 28 43 62 61 76 89 106 108
4 12 9 14 178 43 44 191 42 59 60 199 201 105 208 44 45 43 60 61 76 89 106 108
5 12 9 14 178 43 44 191 42 59 60 199 201 105 208 44 45 43 60 61 76 89 106 108
6 12 9 14 178 43 44 191 42 59 60 199 201 105 208 44 45 43 60 61 76 89 106 108
33 12 9 14 178 43 44 280 256 291 277 292 293 309 297 44 45 43 62 61 76 89 106 108
8 12 9 14 178 43 44 191 192 198 60 199 201 105 208 44 45 43 62 61 76 89 106 108
9 13 7 178 43 44 62 63 64 77 78 80 92 109 211 125 44 45 64 78 79 81 93
10 13 7 178 43 44 62 63 64 77 78 80 92 109 211 125 44 45 64 78 79 81 93
15 14 9 178 43 236 280 256 291 308 295 296 322 323 324 211 125 44 45 43 62 61 76 89 106 110
12 13 7 178 43 44 62 63 64 77 78 80 92 109 211 125 44 45 64 78 79 81 93
27 15 7 28 306 289 290 281 256 279 60 199 278 322 323 324 211 125 27 62 61 76 89 106 110
21 14 7 178 289 290 184 192 279 60 276 278 322 323 324 325 212 27 62 61 76 89 106 110
32 16 9 178 43 236 280 307 291 308 276 89 90 91 107 323 324 210 212 44 45 43 62 61 76 90 92 108
26 15 7 177 16 179 31 32 45 230 232 231 79 81 93 94 248 212 17 32 33 70 69 68 94
11 5 1 177 178 183 26 184 28
18 5 1 177 178 183 26 184 28
34 5 1 177 178 183 26 184 28
20 9 3 16 177 178 183 26 25 181 22 21 15 27 23
3 9 3 16 177 178 289 290 25 181 22 21 15 27 23
22 9 3 16 177 178 183 26 25 181 22 21 15 27 23
23 9 3 16 177 178 183 26 25 181 22 21 15 27 23
24 9 3 16 177 178 183 26 25 181 22 21 15 27 23
24 10 5 288 287 272 244 314 52 54 73 84 86 35 36 38 53 74
14 10 5 288 287 34 186 37 52 54 73 84 86 35 36 38 53 74
11 10 6 288 287 272 244 273 257 251 252 253 235 35 36 38 39 56 74
25 10 5 17 33 34 186 37 52 195 196 84 86 35 36 38 53 74
26 10 5 17 33 34 186 37 52 195 196 84 86 35 36 38 53 74
24 8 3 18 19 174 175 8 11 12 13 6 9 13
13 8 3 18 19 174 175 8 11 12 13 6 9 13
10 8 3 18 19 174 175 8 11 12 13 6 9 13
33 13 6 18 20 21 22 181 23 312 281 24 10 11 12 13 20 22 42 25 11 13
12 8 3 18 19 174 175 8 11 12 13 6 9 13
0 4 2 20 180 187 40 21 41
6 4 2 20 21 182 40 22 41
5 4 2 20 180 313 40 21 41
3 4 2 20 180 187 40 21 41
4 4 2 20 180 187 40 21 41
2 4 2 20 180 187 40 21 41
1 4 2 20 180 250 40 21 41
22 4 2 20 180 187 40 21 41
23 4 2 20 180 187 40 21 41
8 6 3 180 251 252 300 85 258 56 74 86
28 6 3 180 55 196 84 85 87 56 74 86
14 6 3 180 251 252 300 85 258 56 74 86
7 6 3 180 251 252 300 85 258 56 74 86
34 7 5 21 182 189 58 75 199 88 41 58 59 76 89
10 6 2 22 181 25 290 289 306 24 27
13 6 2 22 181 25 290 289 306 24 27
27 10 4 181 25 26 183 27 29 30 31 32 45 27 29 31 33
28 10 4 181 25 26 183 27 29 30 31 32 45 27 29 31 33
29 10 4 181 25 26 183 27 29 30 31 32 45 27 29 31 33
19 10 4 181 25 290 289 306 305 30 299 32 45 27 29 31 33
0 2 0 181 6
35 2 0 181 6
6 8 2 24 26 183 306 305 30 299 32 28 31
8 8 2 24 26 183 306 305 30 299 32 28 31
15 6 4 184 192 279 277 276 88 62 61 76 89
10 6 4 184 192 198 60 199 88 62 61 76 89
28 6 4 281 192 279 277 295 88 62 61 76 89
25 6 4 281 256 291 277 295 88 62 61 76 89
0 6 4 281 307 279 308 295 88 62 61 76 89
0 1 0 183
32 9 4 183 26 184 41 188 187 55 196 84 43 42 56 74
33 9 4 183 26 184 41 188 187 55 196 84 43 42 56 74
18 9 5 289 290 281 41 243 40 56 252 300 43 42 41 57 74
35 9 4 183 26 184 41 188 187 55 196 84 43 42 56 74
25 9 5 43 236 280 312 188 313 251 252 253 45 43 42 56 74
16 10 6 183 26 184 192 198 60 199 88 87 85 43 62 61 76 89 88
22 9 5 43 44 280 41 188 250 55 252 300 45 43 42 56 74
18 10 7 43 44 191 192 198 60 199 88 87 85 45 43 62 61 76 89 88
2 10 5 306 289 290 281 256 291 60 292 89 90 26 62 61 76 90
20 10 7 306 43 236 280 192 279 308 295 89 90 44 45 43 62 61 76 90
17 10 5 27 183 26 184 307 279 308 292 89 90 26 62 61 76 90
11 10 5 27 289 290 281 307 279 277 292 89 90 26 62 61 76 90
21 10 7 27 43 236 280 307 291 261 295 89 90 44 45 43 62 61 76 90
24 10 7 27 43 44 191 192 198 60 199 89 90 44 45 43 62 61 76 90
1 1 0 305
0 1 0 31
21 8 3 299 30 305 306 183 26 281 312 30 28 43
23 8 3 299 30 305 306 289 290 281 312 30 28 43
17 8 3 299 30 305 306 289 290 281 312 30 28 43
21 11 7 45 193 232 68 67 66 310 311 198 308 199 70 69 68 64 62 61 76
4 14 7 32 299 179 16 177 28 306 289 290 281 256 291 308 292 31 17 15 27 62 61 76
15 12 6 32 299 30 305 306 289 290 281 307 198 60 199 31 28 43 62 61 76
24 12 6 32 299 30 305 306 289 290 281 42 59 308 292 31 28 43 60 61 76
18 9 5 33 34 186 37 39 187 189 58 75 36 38 39 58 59
27 14 8 288 172 1 0 2 3 173 18 20 180 313 189 58 75 18 2 3 19 20 21 58 59
20 9 5 33 34 186 37 39 187 189 58 75 36 38 39 58 59
21 9 5 33 34 186 37 39 187 189 58 75 36 38 39 58 59
9 9 5 33 34 244 314 257 313 189 58 75 36 38 39 58 59
15 4 1 33 17 172 1 18
16 4 1 33 17 172 1 18
17 4 1 33 17 172 1 18
33 4 2 272 287 288 172 34 18
29 4 2 34 33 17 172 34 18
12 4 2 272 287 288 172 34 18
31 4 2 34 33 17 172 34 18
32 4 2 34 33 17 172 34 18
0 4 2 272 287 288 172 34 18
7 4 2 34 287 288 172 34 18
23 4 2 34 287 288 172 34 18
9 4 2 272 287 288 172 34 18
14 8 5 38 273 244 272 185 247 318 319 38 36 35 48 84
27 8 5 38 314 186 272 185 247 286 282 38 36 35 48 84
12 8 5 38 273 244 34 185 247 318 245 38 36 35 48 84
32 9 4 38 37 186 35 50 194 72 83 96 38 36 51 84
33 9 4 38 37 186 35 50 194 72 83 96 38 36 51 84
34 8 5 38 273 244 272 185 247 318 96 38 36 35 48 84
0 8 5 38 273 244 34 185 247 318 319 38 36 35 48 84
13 9 4 38 37 186 35 317 194 233 286 319 38 36 51 84
35 4 2 186 35 50 47 36 51
8 4 2 186 35 50 47 36 51
26 3 2 244 272 185 36 35
28 9 5 39 187 188 41 191 44 43 178 177 41 42 43 45 28
29 9 5 39 187 188 41 191 44 43 178 177 41 42 43 45 28
30 9 5 39 187 188 41 191 44 43 178 177 41 42 43 45 28
11 10 6 39 313 243 312 280 236 43 306 305 15 41 42 43 45 28 30
27 11 6 52 195 56 40 188 41 191 44 43 178 177 57 41 42 43 45 28
14 10 5 257 250 188 23 25 26 183 27 29 15 41 24 27 29 30
16 9 5 257 313 243 312 191 236 43 178 177 41 42 43 45 28
32 12 4 39 180 21 22 181 176 8 11 12 13 14 177 40 22 11 13
6 11 5 313 243 312 307 311 310 66 67 68 232 230 42 62 65 68 69
20 11 5 313 243 312 256 311 310 66 67 231 69 193 42 62 65 68 69
35 14 8 180 21 182 189 58 197 198 61 64 66 67 68 69 193 22 41 58 59 62 65 68 69
23 11 5 313 243 41 192 311 310 66 67 231 232 230 42 62 65 68 69
31 11 5 313 243 312 307 311 310 66 67 231 232 230 42 62 65 68 69
22 12 5 313 243 312 281 290 289 306 305 30 299 32 45 42 27 29 31 33
8 11 5 250 188 41 256 61 229 66 67 68 69 230 42 62 65 68 69
25 16 7 187 182 22 181 176 8 11 12 13 14 177 16 179 299 32 45 22 11 13 16 17 32 33
14 5 4 189 58 75 295 88 58 59 76 89
23 5 4 189 58 75 295 88 58 59 76 89
30 5 4 189 58 75 199 88 58 59 76 89
3 6 2 41 281 26 183 306 305 27 29
31 6 3 41 280 236 43 27 29 43 45 28
34 7 4 190 42 191 44 43 27 29 60 43 45 28
9 6 2 23 25 26 183 27 29 27 29
0 6 3 312 280 236 43 27 29 43 45 28
20 7 2 184 24 10 11 12 13 14 11 13
17 4 2 280 236 43 178 45 28
4 5 2 236 62 63 229 77 45 64
6 5 2 236 62 264 64 77 45 64
21 5 2 44 62 63 229 77 45 64
22 5 2 236 62 264 310 77 45 64
25 5 2 44 62 264 229 77 45 64
28 5 2 236 62 63 64 77 45 64
1 5 2 236 62 264 310 77 45 64
19 5 2 44 62 63 64 77 45 64
35 5 2 44 62 63 229 77 45 64
30 9 5 62 63 64 77 78 80 92 109 209 64 78 79 81 93
14 8 6 191 307 198 308 292 293 309 323 43 62 61 76 89 106
20 8 6 191 42 59 261 276 296 309 207 43 60 61 76 89 106
3 9 5 62 264 64 77 78 80 92 259 239 64 78 79 81 93
9 8 6 280 42 59 261 276 201 322 323 43 60 61 76 89 106
16 6 2 45 32 31 30 29 27 33 31
0 6 2 45 32 299 30 305 306 33 31
10 9 6 46 47 50 35 186 37 39 187 188 48 51 36 38 39 41
1 9 6 46 47 317 35 244 314 39 313 188 48 51 36 38 39 41
12 9 6 46 47 50 35 186 37 39 187 188 48 51 36 38 39 41
33 8 6 46 185 34 244 273 257 313 243 48 35 36 38 39 41
0 1 0 46
0 14 9 50 194 72 83 96 97 98 99 203 204 114 216 118 116 73 84 97 99 102 115 116 119 117
1 14 9 50 194 72 83 96 97 98 99 203 204 114 216 118 116 73 84 97 99 102 115 116 119 117
31 12 7 35 186 273 257 187 189 58 75 292 275 106 117 36 38 39 58 59 76 89
32 15 11 316 49 315 314 257 250 189 58 197 277 199 293 322 297 268 50 52 39 58 59 61 76 89 106 108 121
4 14 9 50 194 72 83 96 97 98 99 203 204 114 216 118 116 73 84 97 99 102 115 116 119 117
5 14 9 50 194 72 83 96 97 98 99 203 204 114 216 118 116 73 84 97 99 102 115 116 119 117
15 12 7 35 244 314 39 313 189 58 75 292 278 106 117 36 38 39 58 59 76 89
15 13 8 48 50 194 72 83 96 97 98 99 203 104 206 115 49 73 84 97 99 102 105 116
16 13 8 48 50 194 72 83 96 97 98 99 203 104 206 115 49 73 84 97 99 102 105 116
17 13 8 48 50 194 72 83 96 97 98 99 203 104 206 115 49 73 84 97 99 102 105 116
33 13 8 49 315 314 52 195 252 300 86 270 255 302 114 242 52 39 56 74 87 102 115 116
14 13 8 316 317 194 233 286 245 246 298 99 203 204 114 242 49 73 84 97 99 102 115 116
27 13 7 316 317 194 72 318 319 97 98 269 260 302 136 222 49 73 84 97 99 102 115
21 13 8 48 50 194 72 83 96 97 98 99 203 104 206 115 49 73 84 97 99 102 105 116
22 13 7 48 50 194 72 83 96 97 98 99 203 204 136 222 49 73 84 97 99 102 115
23 13 7 48 50 194 72 83 96 97 98 99 203 204 136 222 49 73 84 97 99 102 115
24 9 4 194 72 83 96 97 98 99 203 204 84 97 99 102
4 9 5 47 71 318 319 285 284 269 320 302 48 84 97 99 102
26 9 4 194 72 83 96 97 98 99 203 204 84 97 99 102
31 9 5 47 247 286 282 246 298 269 320 204 48 84 97 99 102
32 9 5 47 247 318 282 97 284 99 260 302 48 84 97 99 102
26 10 6 315 273 39 250 188 41 191 62 264 229 39 41 42 43 45 64
34 9 4 315 37 257 313 243 312 307 311 310 39 41 42 62
28 9 4 315 273 257 313 243 312 256 61 229 39 41 42 62
13 10 6 315 314 257 313 243 41 191 62 63 229 39 41 42 43 45 64
16 9 4 315 37 39 250 188 41 256 61 64 39 41 42 62
4 9 4 315 314 257 313 243 312 307 311 310 39 41 42 62
30 6 3 52 273 186 35 50 194 38 36 51
31 7 4 52 314 244 272 185 71 72 38 36 35 48
28 6 3 52 37 244 35 317 194 38 36 51
9 6 3 52 37 186 35 317 194 38 36 51
19 6 3 52 273 186 35 50 194 38 36 51
12 7 4 52 314 315 49 316 317 194 38 52 50 49
20 7 4 52 273 315 49 48 50 194 38 52 50 49
34 6 3 52 314 186 35 50 194 38 36 51
16 7 4 52 314 186 272 185 71 233 38 36 35 48
9 9 4 53 315 273 39 250 243 312 281 24 38 39 41 42
29 9 4 53 315 314 257 250 243 312 281 24 38 39 41 42
14 9 4 53 315 314 39 313 243 312 184 24 38 39 41 42
25 9 4 53 315 314 39 250 243 23 25 24 38 39 41 24
31 10 6 53 315 37 39 250 188 190 42 184 24 38 39 41 42 60 43
19 9 4 53 315 37 257 250 188 41 184 24 38 39 41 42
35 9 4 53 51 37 257 313 243 23 25 24 38 39 41 24
10 9 4 53 51 273 257 250 243 41 281 24 38 39 41 42
2 6 3 73 300 86 301 255 302 85 87 102
35 6 3 73 300 235 301 321 302 85 87 102
20 6 3 73 300 86 301 321 302 85 87 102
3 6 3 73 300 86 100 254 302 85 87 102
0 6 3 55 257 37 186 35 317 39 38 36
23 6 3 55 39 273 186 35 317 39 38 36
27 6 3 55 257 273 244 35 50 39 38 36
2 8 4 56 55 257 314 244 35 317 194 39 38 36 51
25 8 4 56 55 257 273 244 35 50 194 39 38 36 51
22 9 5 56 195 52 273 186 34 185 71 233 39 38 36 35 48
1 4 1 57 56 252 73 74
0 4 1 57 56 252 73 74
26 6 3 75 295 296 106 117 119 76 89 118
35 6 3 75 276 275 106 117 119 76 89 118
28 6 3 75 292 296 106 117 119 76 89 118
18 7 4 197 277 292 278 106 117 119 61 76 89 118
32 6 3 75 295 296 106 117 119 76 89 118
33 6 3 75 295 296 106 117 119 76 89 118
10 6 3 75 292 293 106 117 119 76 89 118
17 6 3 75 295 296 106 117 119 76 89 118
13 7 6 75 292 275 262 208 268 119 76 89 106 108 121 118
15 4 3 190 243 40 56 42 41 57
1 4 1 190 243 187 55 42
0 4 1 190 243 313 251 42
33 7 6 308 276 278 205 103 102 101 76 89 106 104 103 101
19 7 6 277 292 293 274 241 240 321 76 89 106 104 103 101
14 7 6 261 276 278 205 103 102 321 76 89 106 104 103 101
12 10 5 59 190 243 250 251 196 253 86 270 254 60 42 56 74 87
35 7 6 60 199 88 200 103 102 101 76 89 88 104 103 101
10 7 6 261 295 275 274 103 102 254 76 89 106 104 103 101
5 7 6 261 276 296 274 241 240 101 76 89 106 104 103 101
13 7 6 277 295 296 274 241 240 254 76 89 106 104 103 101
0 3 1 291 197 58 59
1 3 1 198 197 58 59
15 5 3 62 191 41 188 250 45 43 42
8 5 3 62 280 312 243 313 45 43 42
17 5 3 62 191 41 243 250 45 43 42
5 5 3 62 280 312 243 250 45 43 42
16 6 4 229 77 78 80 92 259 78 79 81 93
24 6 4 64 77 78 80 92 109 78 79 81 93
15 6 4 310 77 78 80 92 109 78 79 81 93
17 6 4 310 77 78 80 92 259 78 79 81 93
18 6 4 64 77 78 80 92 259 78 79 81 93
33 3 1 310 61 307 62
0 3 1 310 311 256 62
33 5 2 65 67 231 232 230 68 69
34 5 2 65 67 231 232 193 68 69
24 7 2 67 79 81 93 94 248 212 82 95
12 7 2 67 79 81 93 94 110 212 82 95
25 7 2 67 79 81 93 94 248 212 82 95
11 7 2 67 79 81 93 94 248 212 82 95
16 11 4 79 81 93 94 110 210 209 207 105 205 200 94 109 106 104
17 11 4 79 81 93 94 248 325 239 323 105 275 88 94 109 106 89
15 13 6 79 81 93 94 248 210 239 108 122 208 262 205 200 94 109 121 108 106 104
19 11 4 79 81 93 94 110 210 209 207 105 205 200 94 109 106 104
13 11 4 79 81 93 94 248 325 239 207 309 205 200 94 109 106 104
26 10 4 68 67 66 310 311 307 312 243 313 55 68 64 43 42
9 19 9 68 79 81 93 94 248 325 324 207 262 278 295 308 291 307 41 188 187 251 68 94 109 106 89 76 61 62 42
32 10 4 231 67 66 310 311 256 312 243 313 251 68 64 43 42
3 10 4 231 67 66 310 311 307 312 243 313 251 68 64 43 42
18 10 4 68 67 66 310 311 307 312 188 313 251 68 64 43 42
17 13 6 230 45 32 31 179 16 177 14 13 12 11 10 24 33 31 17 15 12 11
2 9 3 230 45 32 299 30 305 27 183 26 33 31 28
7 8 4 69 68 67 66 310 311 307 184 69 68 64 43
32 9 3 230 45 32 299 30 305 306 289 290 33 31 28
29 8 4 232 231 67 66 310 311 307 184 69 68 64 43
27 8 4 69 68 67 66 64 61 192 184 69 68 64 43
9 6 3 70 230 45 32 299 30 46 33 31
14 6 3 70 230 45 32 299 30 46 33 31
13 6 3 70 193 45 32 299 30 46 33 31
20 6 3 70 230 45 32 31 30 46 33 31
35 6 3 70 230 45 32 31 30 46 33 31
34 6 3 70 230 45 32 31 30 46 33 31
3 6 3 70 230 45 32 299 30 46 33 31
10 6 3 70 230 45 32 299 30 46 33 31
11 6 3 70 193 45 32 299 30 46 33 31
1 1 0 247
0 1 0 71
2 1 0 71
15 3 1 233 286 282 84
29 8 4 73 54 52 37 186 35 317 47 53 38 36 51
32 7 4 73 54 52 273 244 272 185 53 38 36 35
1 7 5 196 251 257 273 186 34 185 40 39 38 36 35
4 7 4 73 54 52 273 186 34 185 53 38 36 35
21 14 7 73 54 52 38 36 173 3 2 0 1 172 288 287 185 53 37 19 3 2 18 35
0 1 0 74
14 9 5 277 291 311 310 66 67 68 69 193 61 62 65 68 69
9 9 5 277 279 311 310 66 67 231 232 193 61 62 65 68 69
16 9 5 277 291 311 310 66 67 231 232 230 61 62 65 68 69
28 9 5 60 198 311 310 66 67 231 69 230 61 62 65 68 69
17 9 5 261 198 311 229 66 67 231 232 193 61 62 65 68 69
19 9 5 261 198 61 310 66 67 231 232 230 61 62 65 68 69
30 9 5 261 279 311 310 66 67 231 232 230 61 62 65 68 69
7 14 6 199 201 309 323 324 325 248 94 93 81 79 231 232 230 89 106 110 94 68 69
0 2 0 76 229
2 2 0 76 229
3 2 0 76 229
29 5 2 77 229 61 256 42 62 43
31 5 2 77 229 61 198 59 62 61
1 7 2 80 92 109 211 124 123 224 81 93
2 7 2 80 92 109 211 124 123 224 81 93
31 7 2 80 92 259 211 124 266 224 81 93
4 7 2 80 92 109 211 124 123 224 81 93
33 7 2 80 92 259 211 124 266 224 81 93
6 7 2 80 92 109 211 124 123 224 81 93
33 4 2 79 68 69 193 68 69
19 13 7 92 109 211 124 123 121 120 217 117 106 201 88 87 93 146 122 121 107 89 88
20 13 7 92 109 211 124 123 121 120 217 117 106 201 88 87 93 146 122 121 107 89 88
23 13 7 92 109 211 124 123 121 120 217 117 106 205 200 87 93 146 122 121 107 104 88
29 8 5 92 259 239 207 262 278 88 258 93 108 106 89 88
22 8 5 92 259 239 207 105 205 200 87 93 108 106 104 88
26 8 5 92 109 209 207 322 201 88 258 93 108 106 89 88
8 8 5 92 109 324 323 322 293 88 87 93 108 106 89 88
21 10 7 92 259 239 108 122 297 309 205 200 258 93 109 121 108 106 104 88
3 1 0 81
24 5 3 82 286 247 185 33 84 48 35
21 14 8 318 247 47 317 35 244 314 257 313 243 41 256 61 76 48 51 36 38 39 41 42 62
19 15 9 318 71 47 317 316 49 51 314 39 313 243 312 307 311 76 48 51 49 50 52 39 41 42 62
13 16 9 318 247 47 50 316 49 51 273 39 250 189 58 197 291 61 76 48 51 49 50 52 39 58 59 62
30 13 8 83 71 185 272 244 314 257 313 243 312 307 61 76 48 35 36 38 39 41 42 62
5 13 8 318 247 185 272 244 273 39 187 188 41 256 311 76 48 35 36 38 39 41 42 62
7 15 10 83 247 47 50 35 244 273 39 187 243 41 280 62 264 76 48 51 36 38 39 41 42 43 45 64
24 15 10 318 71 47 317 35 186 273 39 313 243 312 280 62 264 76 48 51 36 38 39 41 42 43 45 64
2 2 0 85 258
1 2 0 85 258
0 2 0 85 258
32 4 1 85 86 100 101 87
31 9 5 270 101 203 99 98 97 245 82 95 100 99 97 84 83
11 9 5 301 255 260 99 284 285 319 82 95 100 99 97 84 83
21 9 5 270 254 320 269 298 246 319 82 95 100 99 97 84 83
26 9 5 301 101 260 269 298 246 245 82 95 100 99 97 84 83
14 9 5 270 254 260 269 284 285 282 82 95 100 99 97 84 83
32 9 5 301 321 320 269 298 285 319 82 95 100 99 97 84 83
29 8 5 200 241 240 255 104 206 115 138 104 103 101 105 116
9 8 4 200 241 240 321 302 303 222 138 104 103 101 115
28 8 5 200 103 102 101 104 206 115 138 104 103 101 105 116
0 6 3 293 105 207 209 259 92 106 110 93
28 6 3 275 105 207 239 259 92 106 110 93
11 6 3 296 262 207 209 259 92 106 110 93
27 6 3 296 309 207 209 109 92 106 110 93
35 6 3 296 322 207 239 109 92 106 110 93
26 8 5 199 277 279 61 64 77 78 80 76 61 62 78 79
6 4 2 90 91 107 207 92 108
12 4 1 89 278 262 207 106
6 4 1 89 278 322 323 106
33 4 2 90 91 107 207 92 108
34 4 2 90 91 107 207 92 108
1 4 2 90 91 107 207 92 108
9 6 3 90 91 107 208 122 108 92 108 121
3 4 2 90 91 107 207 92 108
10 4 2 90 91 107 207 92 108
28 9 5 90 89 276 308 291 307 184 290 289 89 76 61 62 27
5 9 5 90 89 295 277 291 307 281 290 289 89 76 61 62 27
12 11 7 91 107 105 201 276 277 198 256 281 290 289 108 106 89 76 61 62 27
35 9 5 90 89 295 308 279 307 281 290 289 89 76 61 62 27
23 9 6 90 89 292 308 291 307 280 236 43 89 76 61 62 43 45
24 7 4 107 263 120 121 266 124 125 108 121 122 125
5 5 1 107 207 239 211 125 108
21 7 4 107 208 120 121 123 124 125 108 121 122 125
15 5 1 107 207 209 325 212 108
16 5 1 107 323 324 325 212 108
0 5 1 107 323 324 325 212 108
13 5 1 107 323 324 211 125 108
19 9 6 259 239 108 122 268 238 237 304 242 109 121 118 117 119 116
23 9 6 259 239 207 263 268 238 237 216 242 108 121 118 117 119 116
8 11 7 259 211 124 123 121 120 217 116 118 216 115 146 122 121 118 117 119 116
31 17 12 109 209 207 208 217 116 118 140 142 158 226 156 155 154 223 137 222 108 121 118 117 119 141 143 159 157 155 138 137
18 9 6 109 239 108 122 268 238 237 304 242 109 121 118 117 119 116
26 9 6 259 324 323 263 217 116 234 216 115 108 121 118 117 119 116
35 9 6 259 324 323 297 268 238 237 216 242 108 121 118 117 119 116
21 6 2 93 81 79 231 69 230 68 69
32 6 2 93 81 79 68 232 193 68 69
21 10 5 248 210 209 207 105 274 241 240 255 260 108 106 104 103 101
33 10 5 248 325 324 323 322 274 241 240 321 320 108 106 104 103 101
25 10 5 110 325 324 323 322 274 241 240 255 320 108 106 104 103 101
28 10 5 110 325 324 323 322 274 241 240 255 260 108 106 104 103 101
11 10 5 110 325 324 323 309 205 103 240 321 320 108 106 104 103 101
8 10 5 248 210 209 207 262 205 103 102 255 260 108 106 104 103 101
4 10 5 110 210 209 207 262 205 103 102 101 260 108 106 104 103 101
28 8 5 95 82 245 246 284 99 203 321 83 84 97 99 102
35 8 5 95 82 245 246 298 99 260 255 83 84 97 99 102
22 8 5 95 82 282 246 284 269 320 101 83 84 97 99 102
5 8 5 95 82 319 246 298 269 260 255 83 84 97 99 102
6 8 5 95 82 319 285 298 269 260 255 83 84 97 99 102
3 8 5 95 82 282 285 298 269 320 321 83 84 97 99 102
29 8 5 95 82 96 97 284 99 203 101 83 84 97 99 102
20 8 5 95 82 96 246 98 269 203 101 83 84 97 99 102
9 8 5 95 82 245 97 298 269 260 255 83 84 97 99 102
33 11 7 246 284 202 213 113 214 136 137 223 154 155 99 112 113 115 137 138 156
6 10 4 246 284 99 320 204 303 222 138 157 156 99 102 115 140
33 11 3 97 98 269 112 215 132 133 222 138 157 156 99 100 134
12 10 6 97 284 269 260 302 303 137 223 154 155 99 102 115 137 138 156
32 11 4 246 98 271 283 130 151 152 225 153 154 155 99 112 129 154
19 10 6 97 98 99 203 302 303 137 223 154 155 99 102 115 137 138 156
25 10 6 97 284 269 260 204 303 137 223 154 155 99 102 115 137 138 156
5 11 4 285 284 271 283 130 151 152 225 153 154 155 99 112 129 154
17 10 7 285 319 318 71 185 272 244 314 257 313 97 84 48 35 36 38 39
23 10 7 246 282 318 247 185 272 244 314 257 250 97 84 48 35 36 38 39
35 10 7 97 282 286 247 185 272 244 314 39 250 97 84 48 35 36 38 39
20 10 7 285 319 318 247 185 272 244 314 257 250 97 84 48 35 36 38 39
6 10 7 97 282 318 247 185 34 186 37 39 250 97 84 48 35 36 38 39
16 10 4 284 269 320 321 301 235 300 252 251 187 99 102 87 74
17 10 4 284 269 260 254 301 235 300 252 251 187 99 102 87 74
35 2 1 202 283 112
0 2 1 271 111 112
2 2 1 202 111 112
4 2 1 271 111 112
14 2 1 271 283 112
5 2 1 202 111 112
6 2 1 202 111 112
6 2 1 271 283 112
1 2 1 202 111 112
1 3 1 260 302 303 115
33 3 1 260 204 303 115
2 6 5 240 241 274 275 276 277 103 104 106 89 76
3 6 5 240 241 274 296 276 308 103 104 106 89 76
6 11 7 102 103 200 258 85 253 196 56 57 58 197 103 104 88 85 74 58 59
1 6 5 240 241 274 278 276 277 103 104 106 89 76
20 6 5 240 103 205 278 199 60 103 104 106 89 76
3 2 1 204 136 115
11 2 1 204 136 115
2 2 1 204 303 115
19 7 4 102 101 320 269 298 246 319 101 100 99 97
15 7 4 102 101 260 269 284 246 245 101 100 99 97
34 7 4 102 255 260 269 298 97 319 101 100 99 97
2 7 4 102 101 260 99 284 285 282 101 100 99 97
1 7 4 102 321 320 269 284 285 319 101 100 99 97
30 7 4 102 254 260 269 98 97 96 101 100 99 97
25 6 4 103 102 321 302 114 115 103 101 115 116
12 6 3 103 240 321 204 136 222 103 101 115
22 6 4 241 240 255 104 206 242 103 101 105 116
23 6 4 241 240 101 104 206 115 103 101 105 116
7 6 4 241 102 101 104 206 115 103 101 105 116
27 6 4 241 240 254 104 206 242 103 101 105 116
24 6 3 103 102 255 302 303 222 103 101 115
17 12 6 241 240 321 320 112 213 111 128 129 132 133 222 103 101 113 112 129 137
8 6 4 241 240 321 104 206 242 103 101 105 116
13 2 1 206 115 116
0 2 1 206 242 116
6 2 1 206 242 116
30 2 1 206 242 116
20 2 1 206 242 116
5 2 1 206 115 116
12 2 1 206 242 116
2 2 1 206 242 116
11 2 1 206 115 116
0 3 2 274 200 87 104 88
0 7 5 106 296 292 277 59 42 191 89 76 61 60 43
6 7 5 106 275 276 308 279 256 280 89 76 61 62 43
2 7 5 106 278 199 308 279 307 191 89 76 61 62 43
27 7 5 106 293 295 308 291 307 280 89 76 61 62 43
12 7 5 106 296 292 261 291 192 280 89 76 61 62 43
3 7 5 106 275 295 277 291 256 280 89 76 61 62 43
25 7 5 106 278 276 308 198 192 191 89 76 61 62 43
27 17 11 117 119 141 143 144 224 121 120 263 105 275 276 261 198 311 264 62 142 145 122 121 108 106 89 76 61 62 63
34 4 3 105 278 276 261 106 89 76
32 4 3 262 201 292 60 106 89 76
28 4 3 262 293 199 261 106 89 76
31 4 3 105 201 199 60 106 89 76
0 4 3 309 201 199 261 106 89 76
24 9 3 324 211 147 148 169 171 170 168 166 170 172 169
35 10 3 209 210 212 219 148 169 171 170 168 166 149 172 169
4 11 7 108 122 120 218 161 162 163 165 228 167 166 121 122 145 162 164 166 169
34 9 3 209 211 147 148 169 171 170 168 166 170 172 169
11 9 3 239 211 147 148 169 171 170 168 166 170 172 169
16 11 7 108 122 120 218 161 162 163 165 228 167 166 121 122 145 162 164 166 169
3 2 0 209 108
0 2 0 239 108
1 2 0 239 108
32 9 5 325 259 92 80 78 77 229 61 192 93 81 79 65 62
34 9 6 325 324 323 322 296 295 308 279 256 108 106 89 76 61 62
17 9 6 210 209 207 309 293 199 60 291 256 108 106 89 76 61 62
22 9 6 325 324 323 262 278 199 261 291 307 108 106 89 76 61 62
24 9 6 325 239 323 322 296 295 277 279 307 108 106 89 76 61 62
24 9 6 210 209 207 309 278 276 261 291 256 108 106 89 76 61 62
31 9 6 325 324 323 262 293 295 277 291 256 108 106 89 76 61 62
0 6 3 202 284 246 245 286 233 99 97 84
34 6 3 202 98 246 245 286 233 99 97 84
10 6 3 271 284 246 319 318 233 99 97 84
27 6 3 202 284 246 96 83 233 99 97 84
12 6 3 271 98 246 282 286 233 99 97 84
14 6 3 202 98 97 96 83 72 99 97 84
7 6 3 271 284 246 319 318 233 99 97 84
9 6 3 271 98 246 319 318 233 99 97 84
25 6 3 202 98 246 245 83 233 99 97 84
12 9 7 113 214 114 216 118 116 217 120 121 115 116 119 117 118 121 122
13 9 7 113 214 114 216 118 116 217 120 121 115 116 119 117 118 121 122
30 9 7 113 214 114 304 237 238 268 265 267 115 116 119 117 118 121 122
11 11 6 113 214 114 216 118 116 119 141 143 144 224 115 116 119 117 118 144
6 9 7 113 214 114 216 237 238 217 120 267 115 116 119 117 118 121 122
14 10 7 112 320 255 240 241 274 322 297 265 267 101 103 104 106 108 121 122
20 11 6 113 214 114 216 118 116 119 141 143 144 224 115 116 119 117 118 144
15 10 7 112 320 321 240 241 274 309 297 265 267 101 103 104 106 108 121 122
5 11 5 214 302 254 301 235 300 252 251 257 314 315 101 87 74 40 39
9 13 8 214 204 320 99 284 285 282 286 247 47 50 316 49 100 99 97 84 48 51 49 50
18 12 8 113 213 202 98 97 245 83 233 194 50 48 49 113 112 99 97 84 51 49 50
20 11 7 204 320 99 284 97 282 286 71 47 317 316 100 99 97 84 48 51 49
7 11 6 204 320 269 298 285 282 286 72 194 317 316 100 99 97 84 51 49
8 11 6 302 320 269 284 246 282 318 72 194 317 316 100 99 97 84 51 49
0 11 6 302 321 301 235 300 196 195 52 314 315 49 101 87 74 53 38 52
10 11 6 204 320 269 298 285 282 286 72 194 317 316 100 99 97 84 51 49
35 11 6 204 320 269 284 285 319 318 233 194 317 316 100 99 97 84 51 49
6 11 6 302 321 301 235 300 73 54 52 314 315 49 101 87 74 53 38 52
10 6 4 206 104 321 240 241 200 105 101 103 104
26 6 4 206 104 321 102 103 200 105 101 103 104
18 6 4 206 104 255 102 103 200 105 101 103 104
31 6 4 206 104 321 240 241 200 105 101 103 104
6 3 2 234 304 115 119 116
2 3 2 118 216 115 119 116
1 3 2 237 304 115 119 116
2 10 5 238 237 140 142 139 138 222 133 132 134 117 119 141 143 133
22 8 5 116 118 216 114 214 113 215 134 117 119 116 114 133
17 8 5 238 237 216 114 214 113 215 134 117 119 116 114 133
4 8 4 238 237 304 115 222 133 132 134 117 119 116 137
10 8 4 116 234 216 242 222 133 132 134 117 119 116 137
28 8 4 238 237 304 242 222 133 132 134 117 119 116 137
32 7 2 304 115 222 133 132 129 131 116 137
11 7 2 304 242 222 133 132 129 131 116 137
19 7 3 216 114 214 113 215 129 131 116 114 130
16 7 2 216 242 222 133 132 129 131 116 137
2 7 3 304 114 214 113 215 129 131 116 114 130
21 7 3 216 114 214 113 215 129 131 116 114 130
3 9 8 119 268 263 322 293 292 75 58 189 118 121 108 106 89 76 59 58
21 9 6 119 117 106 293 292 277 59 190 188 106 89 76 61 60 42
8 8 5 119 117 106 278 276 75 58 189 106 89 76 59 58
29 8 5 119 117 106 293 276 75 58 189 106 89 76 59 58
5 9 8 119 217 263 262 293 292 75 58 189 118 121 108 106 89 76 59 58
4 8 5 119 117 106 296 295 75 58 189 106 89 76 59 58
22 8 5 119 117 106 293 292 75 58 189 106 89 76 59 58
34 2 1 249 218 122
3 2 1 120 218 122
0 2 1 249 218 122
24 5 4 249 297 105 274 200 121 108 106 104
32 5 4 249 263 105 205 200 121 108 106 104
31 5 4 265 297 309 296 88 121 108 106 89
25 5 4 120 208 105 205 200 121 108 106 104
33 5 4 265 263 262 275 88 121 108 106 89
34 5 4 120 297 309 274 200 121 108 106 104
24 7 6 122 208 262 205 241 240 270 121 108 106 104 103 101
30 7 6 122 208 322 205 241 240 100 121 108 106 104 103 101
34 7 6 122 263 262 205 241 240 270 121 108 106 104 103 101
6 7 6 122 263 309 274 241 240 270 121 108 106 104 103 101
0 7 6 122 297 262 205 241 102 270 121 108 106 104 103 101
22 7 6 122 263 322 274 103 102 301 121 108 106 104 103 101
29 7 6 122 263 309 274 103 102 100 121 108 106 104 103 101
21 10 7 266 267 249 263 262 296 88 87 85 253 122 121 108 106 89 88 85
17 10 7 123 121 120 263 262 205 200 258 85 253 122 121 108 106 104 88 85
17 15 10 266 267 265 297 322 201 276 277 197 58 57 56 195 54 73 122 121 108 106 89 76 61 59 58 55
3 10 7 266 121 265 297 309 278 88 258 85 84 122 121 108 106 89 88 85
30 10 7 123 121 249 297 309 274 200 258 85 84 122 121 108 106 104 88 85
12 10 7 266 267 265 208 322 293 88 258 85 84 122 121 108 106 89 88 85
11 10 7 266 267 265 263 105 275 88 258 85 300 122 121 108 106 89 88 85
9 14 9 266 224 144 143 141 119 217 297 105 296 88 258 85 300 145 142 118 121 108 106 89 88 85
31 9 3 125 212 248 94 93 81 79 68 69 94 68 69
23 9 3 125 212 248 94 93 81 79 68 69 94 68 69
29 9 3 211 325 110 94 93 81 79 68 69 94 68 69
30 9 3 211 325 248 94 93 81 79 68 69 94 68 69
35 9 3 211 325 248 94 93 81 79 231 232 94 68 69
28 9 3 211 210 248 94 93 81 79 68 232 94 68 69
10 7 2 212 248 94 93 81 79 67 94 68
22 7 2 212 248 94 93 81 79 67 94 68
21 9 5 126 127 283 271 284 285 282 286 233 129 112 99 97 84
28 9 5 126 127 283 271 298 285 282 286 233 129 112 99 97 84
33 9 5 126 127 283 271 298 285 282 286 233 129 112 99 97 84
35 14 7 126 220 149 150 225 153 154 155 156 226 158 142 140 234 153 155 158 159 143 141 119
35 9 5 127 128 129 132 133 303 114 304 118 130 137 115 116 119
23 8 6 127 283 213 113 214 114 304 234 129 112 113 115 116 119
16 8 6 127 283 213 113 214 114 304 234 129 112 113 115 116 119
32 3 2 111 213 112 112 113
30 3 2 283 271 99 112 99
0 3 2 283 213 112 112 113
0 5 0 128 130 151 152 150
1 5 0 128 130 151 152 150
2 5 0 128 130 151 152 150
3 4 3 130 283 213 112 129 112 113
7 4 3 130 283 213 112 129 112 113
12 11 4 131 129 215 112 320 255 301 235 300 252 55 113 101 87 74
31 11 4 131 129 215 112 260 254 100 86 253 252 251 113 101 87 74
23 11 4 131 129 215 112 320 321 301 235 300 252 251 113 101 87 74
27 18 12 131 128 111 213 112 203 101 270 86 85 258 88 292 277 59 190 243 187 129 112 113 101 87 86 88 89 76 61 60 42
7 14 7 131 128 111 202 99 260 321 100 86 84 73 54 195 55 129 112 99 102 87 74 56
8 11 4 131 129 215 112 203 254 301 235 253 196 55 113 101 87 74
13 11 4 131 129 215 112 320 321 301 235 300 252 251 113 101 87 74
24 12 9 215 113 214 114 304 237 238 268 265 267 145 146 115 116 119 117 118 121 122 146 147
29 12 9 215 113 214 114 304 237 238 268 265 267 145 146 115 116 119 117 118 121 122 146 147
32 12 9 215 113 214 114 216 237 238 217 120 121 145 146 115 116 119 117 118 121 122 146 147
34 12 10 132 133 303 114 304 237 238 268 265 267 145 146 137 115 116 119 117 118 121 122 146 147
3 12 9 215 113 214 114 304 237 238 217 249 267 145 146 115 116 119 117 118 121 122 146 147
5 10 7 133 222 242 304 237 238 268 249 267 266 139 116 119 117 118 121 122
7 10 7 133 222 242 216 237 238 268 265 267 123 139 116 119 117 118 121 122
26 10 7 133 222 242 304 237 238 268 120 121 266 139 116 119 117 118 121 122
27 10 8 133 303 114 304 234 238 217 265 267 266 137 115 116 119 117 118 121 122
5 16 5 132 215 112 320 321 102 103 205 309 323 324 325 212 219 147 124 101 103 104 106 110
18 12 7 133 222 138 139 142 140 234 116 217 120 121 266 143 141 119 117 118 121 122
0 5 2 134 132 135 221 225 134 154
1 3 0 135 133 222
19 3 0 135 133 222
15 3 0 135 133 222
0 4 1 222 138 157 226 158
18 6 4 137 303 302 260 269 298 137 115 100 99
29 6 4 137 136 204 320 269 298 137 115 100 99
13 6 4 137 303 302 260 269 284 137 115 100 99
21 14 11 242 304 237 238 268 265 218 161 162 163 294 228 167 168 116 119 117 118 121 122 145 162 164 166 169
29 14 9 242 216 234 116 217 120 121 266 124 147 148 169 171 170 116 119 117 118 121 122 125 170 172
25 14 8 242 216 237 238 268 297 207 239 211 147 148 169 171 170 116 119 117 118 121 108 149 172
27 14 11 115 216 118 116 268 249 218 161 162 163 165 228 167 168 116 119 117 118 121 122 145 162 164 166 169
17 14 11 242 304 234 116 268 249 218 161 162 163 294 228 167 168 116 119 117 118 121 122 145 162 164 166 169
14 14 11 115 304 237 238 268 249 218 161 162 163 294 228 167 168 116 119 117 118 121 122 145 162 164 166 169
27 29 13 138 157 156 155 154 153 221 135 132 215 113 214 204 255 102 103 274 262 297 122 108 239 325 212 219 148 169 171 170 155 136 113 115 101 103 104 106 108 121 110 149 172
15 14 9 242 304 237 238 268 120 121 266 124 147 148 169 171 170 116 119 117 118 121 122 125 170 172
30 11 5 138 222 303 302 255 301 235 300 196 56 40 115 101 87 74 57
16 13 12 139 142 140 237 238 268 263 309 275 276 75 58 189 143 141 119 117 118 121 108 106 89 76 59 58
11 12 9 139 142 140 237 238 117 106 278 276 75 58 189 143 141 119 117 107 89 76 59 58
19 11 6 138 115 206 104 255 301 86 300 252 56 40 116 105 101 87 74 57
28 8 5 140 216 114 204 254 270 86 253 119 116 115 101 87
13 10 6 140 234 238 117 106 293 88 258 85 253 119 117 107 89 88 85
24 10 6 140 234 116 117 106 293 88 258 85 300 119 117 107 89 88 85
25 8 5 140 304 206 104 254 301 235 300 119 116 105 101 87
1 10 6 142 139 138 242 206 104 254 270 235 253 143 139 116 105 101 87
33 8 5 140 304 206 104 254 301 235 253 119 116 105 101 87
23 5 3 141 119 116 118 140 118 117 119
35 7 3 139 138 222 136 214 113 213 137 114 113
8 7 5 142 140 304 114 214 113 213 141 119 116 114 113
31 7 4 139 138 242 114 214 113 213 139 116 114 113
25 7 1 139 138 222 133 132 215 213 133
14 8 2 139 138 222 133 132 129 128 111 133 129
7 12 11 144 218 249 297 262 296 276 261 279 256 191 236 145 122 121 108 106 89 76 61 62 43 45
33 12 11 144 218 120 208 105 201 199 261 59 42 191 236 145 122 121 108 106 89 76 61 60 43 45
31 12 11 144 218 120 263 322 278 276 308 279 192 191 44 145 122 121 108 106 89 76 61 62 43 45
14 13 11 144 224 121 120 263 262 275 199 60 279 256 280 236 146 122 121 108 106 89 76 61 62 43 45
34 12 7 143 141 119 117 106 293 292 277 291 192 280 236 118 89 76 61 62 43 45
30 13 10 143 141 119 217 263 262 293 276 308 198 256 280 236 118 121 108 106 89 76 61 62 43 45
16 12 7 143 141 119 117 106 293 292 261 59 42 280 44 118 89 76 61 60 43 45
22 10 8 218 249 297 309 296 295 308 279 311 63 122 121 108 106 89 76 61 62
1 12 6 144 143 141 119 117 106 293 292 308 279 311 63 142 107 89 76 61 62
23 11 8 224 267 265 297 322 296 276 277 279 61 264 122 121 108 106 89 76 61 62
29 11 10 218 249 297 322 296 295 308 291 192 280 62 122 121 108 106 89 76 61 62 43 45
7 11 8 224 121 120 263 322 275 292 308 291 61 63 122 121 108 106 89 76 61 62
0 3 0 266 124 125
12 4 0 123 124 147 219
11 11 9 145 121 249 297 322 293 295 308 291 311 310 146 122 121 108 106 89 76 61 62
8 11 9 145 267 249 297 309 296 292 277 291 311 310 146 122 121 108 106 89 76 61 62
7 9 4 145 266 124 211 259 92 80 78 77 125 93 81 79
18 11 9 145 267 249 263 322 293 295 308 291 61 229 146 122 121 108 106 89 76 61 62
25 11 9 145 267 249 263 309 296 292 261 279 61 64 146 122 121 108 106 89 76 61 62
17 4 0 147 211 324 108
2 5 1 219 212 210 209 108 109
32 4 0 147 211 239 108
26 10 4 148 147 211 239 108 122 208 107 91 90 109 121 108 91
19 9 3 148 219 212 325 324 323 107 91 90 109 108 91
18 8 2 148 147 211 324 323 107 91 90 108 91
14 8 2 148 147 211 209 207 107 91 90 108 91
26 13 8 220 126 127 283 271 284 285 319 318 71 47 317 316 129 112 99 97 84 48 51 49
15 13 8 220 126 127 283 271 298 285 319 318 247 47 317 316 129 112 99 97 84 48 51 49
3 13 8 220 126 127 111 271 98 246 245 286 247 47 50 48 129 112 99 97 84 48 51 49
29 13 7 220 126 127 283 271 98 246 245 286 233 194 50 48 129 112 99 97 84 51 49
11 13 8 220 126 127 283 271 98 97 245 286 247 47 50 48 129 112 99 97 84 48 51 49
31 13 7 220 126 127 283 271 284 285 319 318 233 194 317 316 129 112 99 97 84 51 49
12 10 6 149 220 126 127 283 202 298 285 319 82 128 129 112 99 97 84
16 10 5 150 152 151 130 111 271 298 285 282 82 129 112 99 97 84
17 10 5 150 152 151 130 283 271 298 246 282 82 129 112 99 97 84
1 10 6 149 220 126 127 283 271 298 246 245 82 128 129 112 99 97 84
4 10 5 150 152 151 130 283 202 298 246 245 82 129 112 99 97 84
23 10 5 150 152 151 130 111 271 298 285 319 82 129 112 99 97 84
8 10 5 150 152 151 130 283 271 298 285 319 82 129 112 99 97 84
13 10 5 150 152 151 130 283 271 298 285 282 82 129 112 99 97 84
34 10 5 150 152 151 130 283 271 284 285 282 82 129 112 99 97 84
31 17 11 152 225 221 135 133 303 302 255 301 235 300 196 55 180 20 18 173 154 134 137 115 101 87 74 40 21 20 19
22 16 9 151 130 111 213 112 260 254 270 235 253 196 251 257 38 36 173 129 112 113 101 87 74 40 37 19
10 16 9 151 130 283 213 112 260 101 100 235 253 252 195 52 38 36 173 129 112 113 101 87 74 53 37 19
26 16 10 151 130 111 213 112 320 254 270 235 300 252 251 180 20 18 173 129 112 113 101 87 74 40 21 20 19
30 18 12 151 130 111 202 298 285 319 318 247 47 317 316 49 315 37 38 36 173 129 112 99 97 84 48 51 49 50 52 37 19
11 18 11 151 130 111 202 298 246 282 318 233 194 317 316 49 315 37 38 36 173 129 112 99 97 84 51 49 50 52 37 19
22 24 14 152 150 149 220 126 127 283 271 298 285 319 318 247 47 317 35 272 287 288 172 1 0 2 3 151 128 129 112 99 97 84 48 51 36 34 18 2 3
29 14 7 152 151 130 111 213 112 260 254 301 86 300 196 56 40 129 112 113 101 87 74 57
10 13 8 225 153 223 137 303 302 255 301 86 300 196 56 40 155 138 137 115 101 87 74 57
7 13 8 225 153 223 137 303 302 255 301 235 253 196 56 40 155 138 137 115 101 87 74 57
13 13 7 225 221 135 133 136 204 255 270 86 84 196 56 40 136 137 115 101 87 74 57
14 13 8 225 153 223 137 303 302 101 301 235 253 196 56 40 155 138 137 115 101 87 74 57
29 13 6 225 221 135 133 303 302 321 270 235 253 252 55 313 136 137 115 101 87 74
27 16 7 150 149 220 126 127 283 271 99 320 321 301 235 300 252 251 250 128 129 112 99 102 87 74
23 10 7 221 135 133 303 302 255 102 103 274 293 134 137 115 101 103 104 106
11 10 8 153 223 137 303 302 254 102 241 274 201 155 138 137 115 101 103 104 106
18 11 5 221 135 132 215 112 320 321 240 241 274 275 134 101 103 104 106
17 10 8 153 223 137 303 302 255 102 103 274 278 155 138 137 115 101 103 104 106
16 10 8 153 223 137 303 302 255 240 241 274 278 155 138 137 115 101 103 104 106
30 7 5 223 137 136 204 321 270 86 138 137 115 101 87
0 1 0 154
0 1 0 156
30 10 6 226 158 142 140 118 116 117 106 296 89 159 143 141 119 117 107
9 10 5 157 139 142 140 234 116 117 106 293 89 143 141 119 117 107
14 10 6 226 158 142 140 234 116 117 106 201 89 159 143 141 119 117 107
7 10 6 226 158 142 140 234 116 117 106 293 89 159 143 141 119 117 107
9 16 10 226 156 155 154 223 137 136 114 206 104 254 270 235 253 252 56 157 155 138 137 115 116 105 101 87 74
4 12 7 226 157 138 242 206 104 255 270 235 253 252 56 158 139 116 105 101 87 74
21 12 6 226 157 138 222 303 302 321 301 235 300 252 56 158 137 115 101 87 74
24 12 7 226 157 138 242 206 104 254 301 235 253 196 56 158 139 116 105 101 87 74
8 14 7 226 157 138 222 303 204 101 270 86 84 73 54 195 56 158 137 115 101 87 74 56
32 12 7 226 157 138 242 206 104 254 270 235 253 252 56 158 139 116 105 101 87 74
3 12 7 226 157 138 242 206 104 255 270 235 253 252 56 158 139 116 105 101 87 74
34 12 6 226 157 138 222 136 302 254 100 86 253 196 56 158 137 115 101 87 74
30 7 4 227 162 163 294 228 167 166 162 164 166 169
33 7 4 227 162 163 294 228 167 166 162 164 166 169
19 11 7 160 158 142 140 234 116 119 141 143 144 224 159 143 141 119 117 118 144
0 9 8 160 158 142 140 234 238 268 120 267 159 143 141 119 117 118 121 122
6 11 9 161 218 265 297 262 296 295 277 291 61 229 145 122 121 108 106 89 76 61 62
34 12 5 161 224 266 124 125 212 210 259 92 80 78 77 125 110 93 81 79
12 11 9 161 218 249 297 309 275 295 308 279 311 310 145 122 121 108 106 89 76 61 62
5 11 7 161 218 265 122 108 209 259 92 80 78 77 145 122 123 110 93 81 79
15 7 6 162 161 218 249 263 105 293 162 145 122 121 108 106
10 7 6 162 161 218 120 297 262 296 162 145 122 121 108 106
28 7 6 162 161 218 265 297 309 278 162 145 122 121 108 106
23 7 6 162 161 218 249 208 105 201 162 145 122 121 108 106
35 7 6 162 161 218 249 208 262 293 162 145 122 121 108 106
20 9 7 163 162 161 218 249 263 105 274 241 162 145 122 121 108 106 104
32 9 7 163 162 161 218 265 208 309 274 241 162 145 122 121 108 106 104
1 9 7 163 162 161 218 265 263 322 205 103 162 145 122 121 108 106 104
9 9 7 163 162 161 218 249 263 309 274 103 162 145 122 121 108 106 104
2 9 7 163 162 161 218 249 263 322 205 103 162 145 122 121 108 106 104
14 17 9 146 145 266 124 125 212 325 259 92 80 78 77 229 264 62 44 43 147 125 110 93 81 79 65 63 45
3 18 10 164 162 161 224 123 124 211 324 323 262 201 199 261 279 192 191 236 43 163 162 110 106 89 76 61 62 43 45
16 14 11 146 145 267 265 297 322 296 295 308 279 307 281 290 289 147 146 122 121 108 106 89 76 61 62 27
35 14 12 146 145 267 265 263 309 278 292 277 291 256 280 236 43 147 146 122 121 108 106 89 76 61 62 43 45
19 14 12 146 145 267 249 208 322 278 276 308 291 192 280 236 43 147 146 122 121 108 106 89 76 61 62 43 45
1 14 11 146 145 267 249 297 262 296 295 261 291 256 281 290 289 147 146 122 121 108 106 89 76 61 62 27
2 14 12 146 145 267 265 297 309 296 295 261 59 42 280 236 43 147 146 122 121 108 106 89 76 61 60 43 45
13 14 11 146 145 267 249 297 322 201 276 60 198 192 281 26 183 147 146 122 121 108 106 89 76 61 62 27
15 16 10 165 163 164 146 145 224 144 143 141 119 116 234 140 142 139 138 164 165 147 145 142 118 117 119 141 143
31 12 7 294 163 162 227 159 143 141 119 238 237 304 115 164 162 144 118 117 119 116
12 14 9 294 163 164 146 145 224 144 143 141 119 238 237 304 115 164 165 147 145 142 118 117 119 116
0 14 10 166 167 228 294 163 164 146 145 121 265 263 322 278 89 168 166 164 165 147 146 122 121 108 106
19 13 9 166 167 228 294 163 162 161 218 265 297 309 275 89 168 166 164 162 145 122 121 108 106
10 14 10 166 167 228 294 163 164 146 145 121 265 263 322 278 89 168 166 164 165 147 146 122 121 108 106
18 13 9 166 167 228 294 163 162 161 218 265 297 309 296 89 168 166 164 162 145 122 121 108 106
22 14 10 166 167 228 165 163 164 146 145 121 120 208 107 91 90 168 166 164 165 147 146 122 121 108 91
7 18 9 166 167 228 294 163 162 227 159 143 141 119 217 122 108 207 107 91 90 168 166 164 162 144 118 123 108 91
13 19 15 228 294 163 162 161 218 265 263 105 278 199 308 279 256 280 236 43 27 305 166 164 162 145 122 121 108 106 89 76 61 62 43 45 28
20 22 11 167 168 170 171 169 148 219 212 325 324 323 322 293 292 277 291 307 281 290 289 27 305 171 172 149 109 106 89 76 61 62 27 29
26 19 14 228 294 163 162 161 218 265 297 309 293 276 308 291 256 281 290 289 27 29 166 164 162 145 122 121 108 106 89 76 61 62 27 29
8 21 14 228 294 163 162 161 218 265 263 107 91 90 89 295 308 279 307 281 290 289 27 29 166 164 162 145 122 121 108 91 89 76 61 62 27 29
2 5 2 168 170 171 169 148 172 149
5 5 2 168 170 171 169 148 172 149
9 11 6 169 148 147 124 123 267 265 268 238 237 304 124 122 121 118 117 119
33 12 6 169 148 219 212 210 239 108 122 268 238 237 216 111 109 121 118 117 119
10 11 6 169 148 147 124 266 267 249 268 238 237 304 124 122 121 118 117 119
22 11 6 169 148 147 124 266 267 265 268 238 237 304 124 122 121 118 117 119
1 7 2 170 171 169 148 219 212 248 172 149
7 7 2 170 171 169 148 219 212 110 172 149
3 7 2 170 171 169 148 219 212 248 172 149
4 7 2 170 171 169 148 219 212 248 172 149
0 1 0 171