167 226 774 34 418
1 2 323
2 0 9
3 1 265
4 3 314
5 4 209
6 8 94
7 24 83
8 7 318
9 11 71
10 30 37
11 10 287
12 9 399
13 11 2
14 16 215
15 2 340
16 15 257
17 19 302
18 17 123
19 35 384
20 19 299
21 22 227
22 20 60
23 21 157
24 25 282
25 27 185
26 27 182
27 29 259
28 29 215
29 44 272
30 31 252
31 32 337
32 46 219
33 36 380
34 16 134
35 34 38
36 34 126
37 35 48
38 40 347
39 22 20
40 39 262
41 59 229
42 41 343
43 45 84
44 45 359
45 62 147
46 48 316
47 62 124
48 47 370
49 46 137
50 49 69
51 50 165
52 33 40
53 52 344
54 67 64
55 54 161
56 38 395
57 55 413
58 40 191
59 58 346
60 59 106
61 74 250
62 63 378
63 76 224
64 63 247
65 79 17
66 53 150
67 66 34
68 66 128
69 67 139
70 69 324
71 87 17
72 60 180
73 72 132
74 73 267
75 77 145
76 75 19
77 96 368
78 76 320
79 78 368
80 79 175
81 80 254
82 81 215
83 100 250
84 69 110
85 70 126
86 85 11
87 89 127
88 87 102
89 90 234
90 93 237
91 89 199
92 90 123
93 73 27
94 93 410
95 94 142
96 97 207
97 110 409
98 99 185
99 81 134
100 101 218
101 102 242
102 103 357
103 119 29
104 86 195
105 104 327
106 107 301
107 91 245
108 109 16
109 94 147
110 95 236
111 109 126
112 98 215
113 114 282
114 112 67
115 116 22
116 131 142
117 118 46
118 119 75
119 120 371
120 122 153
121 105 92
122 121 315
123 121 45
124 123 312
125 124 197
126 111 251
127 111 62
128 126 77
129 127 270
130 114 21
131 133 104
132 130 227
133 132 95
134 136 160
135 134 386
136 137 387
137 120 237
138 122 223
139 138 7
140 139 409
141 125 240
142 143 331
143 156 235
144 145 367
145 146 245
146 147 297
147 132 63
148 135 180
149 148 291
150 149 44
151 150 184
152 151 70
153 152 212
154 155 343
155 142 38
156 158 335
157 158 237
158 160 247
159 162 83
160 161 183
161 159 124
162 145 16
163 146 13
164 162 190
165 163 312
166 165 233
0 14 265
3 17 37
5 6 2
5 21 340
6 23 384
14 33 337
15 17 38
20 38 229
23 41 69
27 43 161
28 30 346
37 38 17
36 54 132
40 41 254
41 60 127
42 43 199
43 61 409
45 47 242
47 64 245
51 65 126
53 54 67
54 69 153
56 58 312
59 71 21
61 63 223
64 65 63
64 78 291
65 81 212
68 83 237
71 72 312
72 90 328
80 98 7
83 84 142
84 102 123
86 88 40
88 106 108
95 97 21
97 98 192
99 115 333
101 117 52
103 105 373
105 106 78
106 123 257
107 108 344
107 124 115
109 126 52
112 115 347
117 134 135
123 140 37
125 126 368
128 142 317
129 130 222
130 144 403
137 138 25
136 150 214
139 153 41
140 141 351
141 154 262
147 165 378
155 157 225
0 42
0 42
0 42
0 42
0 42
0 42
1 101
1 101
1 101
1 101
1 101
2 16
2 16
2 16
3 23
3 23
3 23
3 23
3 23
3 23
3 23
3 23
3 23
4 124
4 124
4 124
4 124
4 124
4 124
4 124
5 39
6 62
6 62
6 62
6 62
6 62
7 33
7 33
7 33
7 33
7 33
8 126
8 126
8 126
8 126
8 126
8 126
8 126
9 65
9 65
9 65
10 95
10 95
10 95
10 95
10 95
11 8
11 8
11 8
12 42
12 42
12 42
13 73
13 73
13 73
13 73
13 73
14 0
14 0
14 0
15 106
15 106
15 106
15 106
15 106
15 106
16 0
16 0
17 41
18 16
18 16
19 70
19 70
19 70
19 70
19 70
20 66
20 66
20 66
20 66
21 74
21 74
21 74
21 74
21 74
22 44
22 44
22 44
22 44
23 13
23 13
23 13
23 13
24 65
24 65
24 65
24 65
24 65
24 65
25 59
25 59
25 59
25 59
25 59
26 158
26 158
26 158
26 158
26 158
26 158
26 158
27 51
27 51
27 51
27 51
28 42
28 42
28 42
29 80
29 80
29 80
29 80
29 80
30 51
31 113
31 113
31 113
31 113
31 113
32 58
32 58
32 58
32 58
32 58
33 11
33 11
33 11
33 11
33 11
33 11
33 11
33 11
34 95
34 95
34 95
34 95
34 95
34 95
34 95
35 7
35 7
35 7
35 7
35 7
36 20
36 20
37 57
37 57
38 84
38 84
38 84
38 84
38 84
39 15
39 15
39 15
40 123
40 123
40 123
40 123
41 84
41 84
41 84
41 84
41 84
41 84
41 84
41 84
42 13
42 13
42 13
42 13
42 13
42 13
42 13
43 111
43 111
43 111
43 111
43 111
44 57
44 57
44 57
44 57
45 7
46 41
46 41
47 59
47 59
47 59
47 59
47 59
48 2
48 2
48 2
48 2
48 2
48 2
48 2
48 2
49 110
49 110
49 110
49 110
49 110
49 110
50 165
50 165
50 165
50 165
51 130
51 130
51 130
51 130
51 130
51 130
52 41
52 41
52 41
52 41
52 41
53 109
53 109
53 109
53 109
53 109
53 109
53 109
53 109
54 33
54 33
55 63
55 63
55 63
55 63
55 63
55 63
56 71
56 71
56 71
56 71
56 71
56 71
56 71
56 71
56 71
57 0
57 0
57 0
57 0
57 0
57 0
58 64
58 64
58 64
58 64
58 64
58 64
59 28
59 28
59 28
59 28
59 28
59 28
59 28
60 62
60 62
60 62
61 106
61 106
61 106
61 106
61 106
61 106
61 106
62 44
62 44
62 44
63 35
63 35
63 35
63 35
63 35
63 35
63 35
64 164
64 164
64 164
64 164
64 164
64 164
64 164
65 73
65 73
65 73
65 73
65 73
65 73
66 34
66 34
66 34
67 104
68 78
68 78
68 78
68 78
68 78
68 78
68 78
69 70
70 33
70 33
70 33
71 19
71 19
71 19
71 19
72 39
73 95
73 95
73 95
73 95
73 95
73 95
73 95
73 95
73 95
74 69
74 69
74 69
74 69
74 69
75 99
75 99
75 99
76 71
76 71
76 71
76 71
76 71
76 71
77 81
77 81
78 26
78 26
78 26
78 26
78 26
78 26
79 61
79 61
79 61
80 71
80 71
80 71
80 71
80 71
80 71
81 51
81 51
82 97
82 97
83 99
83 99
83 99
83 99
83 99
83 99
83 99
84 140
84 140
84 140
84 140
84 140
84 140
85 56
86 102
86 102
87 38
87 38
87 38
87 38
87 38
88 70
88 70
88 70
89 38
89 38
89 38
89 38
89 38
89 38
90 6
90 6
90 6
90 6
91 19
91 19
91 19
91 19
91 19
91 19
91 19
92 129
92 129
92 129
92 129
92 129
92 129
92 129
93 68
93 68
93 68
93 68
93 68
93 68
93 68
94 146
94 146
94 146
94 146
94 146
94 146
94 146
94 146
95 90
95 90
96 127
97 71
97 71
97 71
97 71
98 30
98 30
99 111
99 111
99 111
100 139
101 72
101 72
101 72
101 72
101 72
102 67
103 129
103 129
103 129
103 129
103 129
103 129
103 129
103 129
104 123
104 123
104 123
104 123
104 123
104 123
104 123
104 123
104 123
105 123
105 123
105 123
105 123
105 123
105 123
105 123
105 123
106 71
107 118
107 118
107 118
107 118
108 125
108 125
108 125
108 125
108 125
108 125
108 125
108 125
109 95
109 95
110 165
110 165
110 165
110 165
110 165
110 165
111 99
111 99
111 99
111 99
111 99
111 99
112 159
112 159
112 159
112 159
112 159
113 145
113 145
113 145
113 145
113 145
113 145
113 145
113 145
114 46
114 46
114 46
115 64
115 64
115 64
116 95
116 95
117 60
117 60
117 60
117 60
117 60
117 60
117 60
118 93
118 93
118 93
118 93
118 93
119 123
120 83
120 83
120 83
121 74
121 74
121 74
121 74
122 77
122 77
122 77
122 77
122 77
122 77
123 71
123 71
123 71
124 156
124 156
124 156
124 156
124 156
125 101
125 101
125 101
125 101
125 101
125 101
126 8
126 8
126 8
126 8
126 8
126 8
126 8
127 138
127 138
127 138
127 138
127 138
128 127
129 156
129 156
130 95
130 95
130 95
131 127
131 127
131 127
131 127
131 127
131 127
131 127
131 127
131 127
132 24
132 24
132 24
132 24
132 24
132 24
132 24
133 81
133 81
133 81
134 86
134 86
134 86
135 97
135 97
135 97
135 97
135 97
135 97
135 97
135 97
136 85
136 85
137 153
137 153
137 153
138 159
138 159
138 159
138 159
138 159
138 159
139 165
139 165
139 165
139 165
139 165
139 165
139 165
140 153
140 153
141 120
141 120
141 120
141 120
142 153
142 153
142 153
142 153
142 153
142 153
143 61
143 61
143 61
143 61
143 61
144 165
144 165
144 165
144 165
144 165
144 165
144 165
144 165
145 155
145 155
146 126
146 126
146 126
147 47
147 47
147 47
147 47
147 47
147 47
148 149
149 164
149 164
149 164
149 164
150 128
150 128
150 128
150 128
151 58
151 58
151 58
151 58
151 58
152 158
152 158
152 158
152 158
152 158
152 158
153 119
153 119
154 126
155 124
155 124
155 124
155 124
155 124
155 124
155 124
155 124
155 124
156 75
156 75
156 75
156 75
156 75
157 122
157 122
157 122
157 122
157 122
157 122
158 76
158 76
158 76
158 76
159 65
159 65
159 65
159 65
159 65
159 65
159 65
160 71
160 71
160 71
160 71
160 71
160 71
160 71
161 159
162 143
162 143
162 143
162 143
162 143
162 143
162 143
162 143
162 143
163 130
163 130
164 9
164 9
164 9
164 9
164 9
164 9
164 9
165 86
165 86
165 86
165 86
165 86
165 86
165 86
166 11
166 11
166 11
166 11
166 11
166 11
166 11
166 11
