96
98 99
145 146
129 130
130 144
144 145
94 103
102 112
118 119
119 120
92 94
146 147
95 96
73 76
76 77
112 113
71 85
84 99
92 94
91 92
91 93
90 93
66 82
82 96
113 114
101 102
88 101
99 109
84 85
107 120
106 107
96 106
45 46
44 45
43 44
94 103
51 71
37 51
101 110
85 88
69 71
36 37
37 38
104 105
105 118
131 132
131 146
145 146
116 131
86 88
71 85
35 48
128 129
144 145
130 144
29 30
28 29
30 32
27 28
71 85
24 25
39 40
39 55
25 27
8 9
35 36
37 38
71 72
84 85
56 58
147 148
77 92
38 39
41 56
23 37
55 73
91 92
90 102
28 40
54 72
68 69
99 109
99 100
100 101
117 118
15 16
11 12
29 30
12 29
42 59
38 53
37 38
6 21
109 126
108 109
126 127
119 120
32 17 10 0 3 1 2 5 153 21 23 24 25 37 52 53 71 181 220 232 4 6 21 22 24 25 26 38 71 85
6 7 3 17 158 47 49 67 69 83 18 35 68
30 17 10 0 3 1 2 5 153 21 23 24 25 37 52 53 71 181 220 232 4 6 21 22 24 25 26 38 71 85
31 17 10 0 3 1 2 5 153 21 23 24 25 37 52 53 71 181 220 232 4 6 21 22 24 25 26 38 71 85
10 13 5 3 1 2 5 152 6 154 9 10 11 12 14 155 4 6 9 11 15
9 13 5 3 1 2 5 152 6 154 9 10 11 12 14 155 4 6 9 11 15
8 13 5 3 1 2 5 152 6 154 9 10 11 12 14 155 4 6 9 11 15
7 13 5 3 1 2 5 152 6 154 9 10 11 12 14 155 4 6 9 11 15
6 13 5 3 18 19 35 169 170 38 171 163 162 164 156 155 36 37 40 29 15
5 13 6 2 5 152 6 154 9 26 160 162 164 31 167 63 9 27 29 30 32 45
0 13 6 2 5 152 6 154 9 26 160 162 164 31 167 63 9 27 29 30 32 45
1 13 6 2 5 152 6 154 9 26 160 162 164 31 167 63 9 27 29 30 32 45
2 13 6 2 5 152 6 154 9 26 160 162 164 31 167 63 9 27 29 30 32 45
3 13 6 2 5 152 6 154 9 26 160 162 164 31 167 63 9 27 29 30 32 45
4 13 6 2 5 152 6 154 9 26 160 162 164 31 167 63 9 27 29 30 32 45
12 14 9 5 153 21 23 24 25 37 52 53 71 181 70 68 180 21 22 24 25 26 38 71 69 68
11 14 9 5 153 21 23 24 25 37 52 53 71 181 70 68 180 21 22 24 25 26 38 71 69 68
15 14 7 5 152 6 154 8 25 37 52 53 71 181 70 68 180 9 25 26 38 71 69 68
3 3 0 18 19 35
2 3 0 18 19 35
0 3 0 18 19 35
32 9 3 4 18 157 158 47 49 67 69 83 18 35 68
21 11 4 4 18 19 22 36 50 176 70 68 69 83 23 71 69 68
31 9 3 4 18 157 158 47 49 67 69 83 18 35 68
30 9 3 4 18 157 158 47 49 67 69 83 18 35 68
33 9 3 4 18 157 158 47 49 67 69 83 18 35 68
29 9 3 4 18 157 158 47 49 67 69 83 18 35 68
22 8 3 152 6 154 9 26 160 162 164 9 27 29
13 9 2 152 6 154 9 10 11 12 14 156 9 11
14 9 2 152 6 154 9 10 11 12 14 156 9 11
20 9 2 152 6 154 9 10 11 12 14 156 9 11
12 8 3 152 6 154 9 26 160 162 164 9 27 29
13 8 5 153 21 23 24 159 160 162 164 21 22 24 25 29
21 6 3 152 153 20 278 295 294 21 23 37
28 10 4 152 5 2 1 18 19 22 278 295 294 2 19 23 37
31 6 3 152 296 20 278 295 294 21 23 37
14 9 7 7 264 25 37 246 245 34 255 46 24 25 26 38 37 36 48
28 9 6 268 8 25 37 246 245 34 255 46 25 26 38 37 36 48
29 9 6 268 8 25 37 246 245 34 255 46 25 26 38 37 36 48
2 9 6 268 8 25 37 270 245 269 255 46 25 26 38 37 36 48
20 7 6 8 25 37 270 245 269 158 25 26 38 37 36 35
17 7 6 8 25 37 270 245 269 158 25 26 38 37 36 35
16 7 6 8 25 37 270 245 269 158 25 26 38 37 36 35
21 7 6 8 25 37 270 245 269 158 25 26 38 37 36 35
4 7 6 8 25 37 270 245 269 158 25 26 38 37 36 35
3 7 6 8 25 37 270 245 269 158 25 26 38 37 36 35
23 5 3 9 8 264 23 21 25 24 22
24 5 3 9 8 264 23 21 25 24 22
28 5 3 9 154 7 23 21 8 24 22
26 7 3 26 159 264 7 6 152 153 25 24 6
7 5 3 26 159 264 23 21 25 24 22
27 7 3 26 159 264 7 6 152 153 25 24 6
13 8 5 26 161 266 177 52 246 36 20 39 55 38 37 23
6 5 3 26 267 264 23 21 25 24 22
18 4 1 290 12 14 289 15
6 4 1 290 12 14 289 15
33 4 1 11 12 14 289 15
22 4 1 11 12 14 289 15
12 4 1 11 12 14 289 15
19 4 1 290 12 14 289 15
24 8 4 27 260 259 261 32 166 33 16 30 32 33 34
18 6 2 27 260 259 261 30 15 30 31
1 3 1 292 291 29 30
28 7 5 290 27 282 39 41 172 238 28 40 41 42 43
2 3 1 292 291 29 30
17 4 1 12 11 10 26 11
25 4 0 12 28 260 262
16 4 1 12 11 10 26 11
15 4 1 12 11 27 160 28
11 4 0 12 28 260 262
32 4 1 12 11 27 160 28
31 4 1 12 11 27 160 28
30 4 1 12 11 27 262 28
0 2 0 13 156
8 2 0 13 156
9 2 0 13 156
2 7 3 156 259 260 262 159 24 23 28 25 24
21 12 7 155 15 30 261 259 260 262 26 9 154 7 23 16 32 30 28 10 8 24
5 10 6 155 15 30 261 259 260 262 159 24 23 16 32 30 28 25 24
4 10 6 155 15 30 261 259 260 262 159 24 23 16 32 30 28 25 24
29 8 3 14 12 11 10 9 154 7 23 11 9 24
3 7 3 156 259 260 262 159 24 23 28 25 24
30 5 2 155 156 29 61 64 30 44
31 5 2 155 156 29 61 64 30 44
32 5 2 155 156 29 61 64 30 44
8 7 2 16 33 168 236 237 61 64 34 44
22 5 2 155 156 29 61 64 30 44
23 5 2 155 156 29 61 64 30 44
29 5 2 155 156 29 61 64 30 44
24 5 2 155 156 29 61 64 30 44
0 6 3 33 168 236 237 238 172 34 44 43
28 8 4 158 47 49 67 69 83 186 108 35 68 84 99
22 8 4 158 47 49 67 69 83 186 108 35 68 84 99
25 8 4 158 47 49 67 69 83 186 108 35 68 84 99
26 8 4 158 47 49 67 69 83 186 108 35 68 84 99
27 8 4 158 47 49 67 69 83 186 108 35 68 84 99
20 4 0 18 1 2 5
18 4 0 18 1 2 5
19 7 2 35 245 241 240 254 243 253 51 88
13 7 2 35 245 241 240 254 243 253 51 88
5 11 7 35 245 241 240 244 68 69 83 232 243 253 51 71 69 68 84 85 88
7 7 2 35 245 241 240 220 243 253 51 88
22 7 4 20 36 270 276 265 39 40 23 37 40 41
12 7 4 20 36 270 276 265 39 40 23 37 40 41
30 7 4 20 36 270 276 265 39 277 23 37 40 41
11 7 4 20 36 270 276 265 39 40 23 37 40 41
27 8 5 23 24 25 37 52 53 71 182 24 25 26 38 72
26 8 5 23 24 25 37 52 53 71 182 24 25 26 38 72
15 8 4 23 24 159 161 54 178 74 73 24 25 39 75
10 8 5 23 24 25 37 52 53 71 182 24 25 26 38 72
20 4 1 278 241 240 254 71
29 9 3 22 35 169 270 52 53 71 271 263 36 37 54
32 10 5 36 270 276 266 178 74 73 182 271 263 37 55 75 74 72
1 4 1 278 241 240 263 71
31 10 5 36 270 276 266 178 74 73 182 271 263 37 55 75 74 72
30 11 7 22 35 269 255 46 48 66 180 68 244 263 36 48 47 67 68 69 71
14 7 4 24 159 262 260 259 261 167 25 29 30 32
28 7 3 24 159 160 260 259 29 237 25 29 30
21 10 4 24 159 160 27 11 12 14 156 31 167 25 11 30 32
29 12 7 24 159 161 54 56 57 55 40 41 172 238 237 25 39 55 56 41 42 43
20 7 4 24 159 160 260 259 31 167 25 29 30 32
30 14 8 7 154 9 26 161 54 56 57 55 40 41 172 238 237 9 27 39 55 56 41 42 43
1 7 3 267 262 260 259 156 155 16 29 15 16
12 7 3 267 262 260 259 156 155 16 29 15 16
33 7 3 267 262 260 259 156 155 16 29 15 16
13 8 5 267 262 260 259 261 32 166 33 29 30 32 33 34
15 8 4 267 262 260 259 261 30 15 16 29 30 31 16
16 8 4 267 262 260 259 261 30 15 16 29 30 31 16
17 8 4 267 262 260 259 261 30 15 16 29 30 31 16
1 2 1 25 8 25
5 2 1 25 8 25
0 3 0 267 8 268
2 3 2 267 264 7 25 24
17 9 3 160 159 24 7 6 152 5 2 1 25 24 2
26 8 3 163 171 38 170 169 35 19 18 40 37 20
27 8 3 163 171 38 170 169 35 19 18 40 37 20
6 9 3 160 159 24 7 6 152 5 2 1 25 24 2
16 9 3 160 159 24 7 6 152 5 2 1 25 24 2
3 3 1 291 29 237 30
6 5 2 259 260 282 265 266 28 40
29 5 2 259 260 282 265 266 28 40
19 5 2 259 260 282 265 266 28 40
23 5 2 259 260 282 265 266 28 40
10 5 4 30 32 166 168 45 32 33 34 46
16 17 11 32 166 168 174 44 43 172 173 58 55 75 76 91 214 210 102 103 33 34 44 43 59 76 77 92 94 103 104
15 17 11 32 166 168 174 44 43 172 173 58 55 75 76 91 214 210 102 103 33 34 44 43 59 76 77 92 94 103 104
33 14 10 31 164 162 163 171 54 178 184 76 91 214 210 102 103 30 28 40 73 76 77 92 94 103 104
6 11 6 167 174 45 81 95 105 106 119 213 212 104 46 66 96 120 119 118
17 17 11 32 166 168 174 44 43 172 173 58 55 75 76 91 214 210 102 103 33 34 44 43 59 76 77 92 94 103 104
14 8 6 32 31 164 162 160 161 54 177 32 30 28 27 39 55
25 8 4 32 31 164 162 163 171 38 52 32 30 28 40
28 8 4 32 31 164 162 163 171 38 52 32 30 28 40
11 11 7 166 33 16 155 156 164 162 160 161 54 177 34 16 30 28 27 39 55
9 5 1 168 236 237 61 64 44
1 4 2 255 46 48 66 48 47
0 2 1 245 295 37
10 2 1 169 295 37
11 2 1 245 295 37
9 6 3 245 34 255 46 48 66 36 48 47
22 5 3 241 240 244 68 180 71 69 68
26 5 3 241 240 244 68 180 71 69 68
6 6 3 245 34 255 46 48 66 36 48 47
27 5 3 241 240 244 68 180 71 69 68
8 6 3 245 34 255 46 48 66 36 48 47
6 6 1 246 241 240 263 243 230 85
30 6 1 246 241 240 254 243 230 85
32 13 8 246 245 34 255 46 48 66 180 68 244 254 243 230 37 36 48 47 67 68 69 71
10 13 8 246 245 34 255 46 48 66 180 68 244 254 243 230 37 36 48 47 67 68 69 71
31 13 8 246 245 34 255 46 48 66 180 68 244 254 243 230 37 36 48 47 67 68 69 71
20 4 2 161 267 264 23 25 24
9 12 4 171 38 170 50 176 84 187 100 193 101 112 113 51 101 112 113
22 12 4 171 38 170 50 176 84 187 100 193 101 112 113 51 101 112 113
12 12 4 171 38 170 50 176 84 187 100 193 101 112 113 51 101 112 113
13 12 4 171 38 170 50 176 84 187 100 193 101 112 113 51 101 112 113
8 12 4 171 38 170 50 176 84 187 100 193 101 112 113 51 101 112 113
10 12 4 171 38 170 50 176 84 187 100 193 101 112 113 51 101 112 113
11 12 4 171 38 170 50 176 84 187 100 193 101 112 113 51 101 112 113
14 12 4 171 38 170 50 176 84 187 100 193 101 112 113 51 101 112 113
1 3 1 277 273 60 56
5 3 1 277 273 60 56
12 3 1 277 273 60 56
11 3 1 277 273 60 56
10 3 1 277 55 60 56
9 3 1 277 55 60 56
8 3 1 277 273 60 56
6 3 1 277 273 60 56
7 8 4 165 292 290 27 282 265 266 56 29 28 40 55
19 6 1 293 58 273 75 217 72 76
21 4 2 41 277 273 57 41 56
18 4 0 293 58 273 57
17 4 2 41 277 273 57 41 56
10 4 0 293 58 273 57
7 4 2 41 277 273 57 41 56
4 4 2 41 277 273 57 41 56
0 4 2 41 277 273 57 41 56
27 9 4 238 29 156 14 12 11 10 9 154 44 13 11 9
26 9 4 238 29 156 14 12 11 10 9 154 44 13 11 9
19 7 4 172 165 28 11 10 9 154 42 29 11 9
18 7 4 172 165 28 11 10 9 154 42 29 11 9
6 7 4 172 165 28 11 10 9 154 42 29 11 9
31 13 6 237 236 168 166 32 261 259 260 262 159 8 154 7 34 33 32 30 28 25
32 13 6 237 236 168 166 32 261 259 260 262 159 8 154 7 34 33 32 30 28 25
9 6 3 29 259 260 262 159 264 30 28 25
0 6 3 29 259 260 262 159 264 30 28 25
8 6 3 29 259 260 262 159 264 30 28 25
2 4 1 174 168 33 16 34
33 3 1 167 30 15 31
7 12 5 174 44 43 172 173 58 55 75 184 74 73 88 43 59 76 75 74
13 12 5 174 44 43 172 173 58 55 57 72 74 73 88 43 59 73 75 74
11 12 5 174 44 43 172 173 58 55 57 72 74 73 88 43 59 73 75 74
12 12 5 174 44 43 172 173 58 55 57 72 74 73 88 43 59 73 75 74
8 12 7 174 167 31 164 162 160 161 54 178 74 73 88 32 30 28 27 39 75 74
10 12 7 174 167 31 164 162 160 161 54 178 74 73 88 32 30 28 27 39 75 74
9 12 7 174 167 31 164 162 160 161 54 178 74 73 88 32 30 28 27 39 75 74
24 9 6 46 255 269 245 270 37 25 267 262 48 36 37 38 26 25
25 8 4 46 255 269 245 270 276 265 282 48 36 37 40
26 8 4 46 255 269 245 270 276 265 282 48 36 37 40
27 8 4 46 255 269 245 270 276 265 282 48 36 37 40
17 1 0 49
19 14 8 48 46 47 34 169 170 38 171 163 162 164 29 61 64 47 48 36 37 40 29 30 44
18 14 8 48 46 47 34 169 170 38 171 163 162 164 29 61 64 47 48 36 37 40 29 30 44
17 14 8 48 46 47 34 169 170 38 171 163 162 164 29 61 64 47 48 36 37 40 29 30 44
16 14 8 48 46 47 34 169 170 38 171 163 162 164 29 61 64 47 48 36 37 40 29 30 44
15 14 8 48 46 47 34 169 170 38 171 163 162 164 29 61 64 47 48 36 37 40 29 30 44
7 14 8 48 46 47 34 169 170 38 171 163 162 164 29 61 64 47 48 36 37 40 29 30 44
21 14 8 48 46 47 34 169 170 38 171 163 162 164 29 61 64 47 48 36 37 40 29 30 44
20 14 8 48 46 47 34 169 170 38 171 163 162 164 29 61 64 47 48 36 37 40 29 30 44
24 11 5 49 47 34 169 170 38 171 163 162 28 12 35 36 37 40 12
0 11 5 49 47 34 169 170 38 171 163 27 11 12 35 36 37 40 11
1 11 5 49 47 34 169 170 38 171 163 27 11 12 35 36 37 40 11
2 11 5 49 47 34 169 170 38 171 163 27 11 12 35 36 37 40 11
3 11 5 49 47 34 169 170 38 171 163 27 11 12 35 36 37 40 11
4 11 5 49 47 34 169 170 38 171 163 27 11 12 35 36 37 40 11
5 11 5 49 47 34 169 170 38 171 163 27 11 12 35 36 37 40 11
23 11 5 49 47 34 169 170 38 171 163 162 28 12 35 36 37 40 12
8 9 6 51 175 177 56 72 184 76 91 214 53 55 73 76 77 92
9 9 6 51 175 177 56 72 184 76 91 214 53 55 73 76 77 92
10 9 6 51 175 177 56 72 184 76 91 214 53 55 73 76 77 92
7 8 5 51 175 177 178 217 76 91 214 53 73 76 77 92
29 8 5 51 175 177 178 217 218 91 214 53 73 76 77 92
21 8 5 51 175 177 178 184 76 91 214 53 73 76 77 92
20 8 5 51 175 177 178 184 76 91 214 53 73 76 77 92
1 12 6 175 53 71 183 85 87 187 99 98 205 191 107 87 86 88 99 98 108
6 12 6 175 53 71 183 85 87 187 99 98 205 191 107 87 86 88 99 98 108
2 12 6 175 53 71 183 85 87 187 99 98 205 191 107 87 86 88 99 98 108
3 12 6 175 53 71 183 85 87 187 99 98 205 191 107 87 86 88 99 98 108
4 12 6 175 53 71 183 85 87 187 99 98 205 191 107 87 86 88 99 98 108
5 12 6 175 53 71 183 85 87 187 99 98 205 191 107 87 86 88 99 98 108
15 5 1 175 51 240 220 243 71
4 10 5 52 246 241 240 244 68 69 83 232 243 71 69 68 84 85
11 5 1 175 51 240 220 243 71
12 5 1 175 51 240 220 243 71
3 10 5 52 246 241 240 244 68 69 83 232 243 71 69 68 84 85
2 10 5 52 246 241 240 244 68 69 83 232 243 71 69 68 84 85
21 6 1 52 246 241 240 220 243 71
17 5 1 175 51 240 220 243 71
16 5 1 175 51 240 220 243 71
33 11 6 53 177 266 276 270 245 269 255 46 48 66 53 55 37 36 48 47
28 5 3 71 271 244 68 180 71 69 68
13 5 3 71 271 244 68 180 71 69 68
1 5 3 283 271 244 284 180 71 69 68
14 5 3 283 271 244 68 180 71 69 68
7 11 7 54 161 262 260 259 261 32 166 168 236 237 39 27 29 30 32 33 34
26 11 7 54 161 262 260 259 261 32 166 168 236 237 39 27 29 30 32 33 34
27 11 7 54 161 262 260 259 261 32 166 168 236 237 39 27 29 30 32 33 34
10 6 3 266 265 163 260 259 29 40 29 30
18 8 5 40 39 265 266 177 53 71 182 41 40 55 53 72
16 7 4 40 39 265 266 178 74 73 41 40 73 75
17 7 4 40 39 265 266 178 74 73 41 40 73 75
22 5 2 273 75 217 74 73 73 75
23 5 2 273 75 217 74 73 73 75
18 5 2 55 75 217 74 73 73 75
26 5 1 55 57 72 74 73 75
27 5 1 55 57 72 74 73 75
0 7 4 40 39 265 266 178 74 73 41 40 73 75
20 6 3 72 217 218 275 223 224 76 77 92
17 6 3 72 217 218 275 223 224 76 77 92
6 6 3 57 75 218 275 223 224 76 77 92
8 6 3 57 75 218 275 223 224 76 77 92
15 6 3 72 217 218 275 223 224 76 77 92
13 13 9 56 54 265 39 40 273 75 218 78 93 222 223 224 55 40 41 56 76 77 79 94 91
14 6 3 72 217 218 275 223 224 76 77 92
16 6 3 72 217 218 275 223 224 76 77 92
32 8 3 57 56 177 175 51 241 169 35 55 52 37
28 10 4 57 72 74 73 182 181 240 241 169 35 75 74 72 37
23 14 6 57 56 54 161 159 24 7 6 152 5 2 1 18 19 55 39 25 24 2 19
31 8 3 57 56 177 175 51 241 169 35 55 52 37
25 14 6 57 56 54 161 159 8 154 6 152 5 2 1 18 19 55 39 25 7 2 19
19 15 7 57 56 177 52 37 25 24 7 6 152 5 2 1 18 19 55 38 26 25 24 2 19
1 7 3 57 56 177 52 246 245 35 55 38 37
24 14 6 57 56 54 161 159 24 7 6 152 5 2 1 18 19 55 39 25 24 2 19
16 15 7 293 41 277 273 57 56 177 53 283 271 244 284 67 49 255 41 56 55 53 71 69 68
20 14 6 293 41 39 265 276 52 53 283 271 244 284 67 49 255 41 40 72 71 69 68
23 12 8 293 165 292 290 27 262 267 25 37 270 245 269 42 29 28 25 26 38 37 36
5 11 5 293 41 39 265 276 270 278 22 19 157 158 41 40 37 23 18
15 8 4 293 41 39 265 276 270 245 269 41 40 37 36
14 8 5 58 277 39 265 276 270 169 269 56 41 40 37 36
9 8 4 173 41 39 265 276 270 169 269 41 40 37 36
8 8 4 173 41 39 265 276 270 169 269 41 40 37 36
21 4 1 42 238 237 236 43
25 4 1 42 238 237 236 43
2 6 2 59 293 172 238 237 236 42 43
1 6 2 59 293 172 238 237 236 42 43
20 12 5 60 55 58 173 172 43 44 174 45 81 95 94 42 43 46 66 96
21 12 5 60 55 58 173 172 43 44 174 45 81 95 94 42 43 46 66 96
22 12 5 60 55 58 173 172 43 44 174 45 81 95 94 42 43 46 66 96
23 12 5 60 55 58 173 172 43 44 174 45 81 95 94 42 43 46 66 96
24 12 5 60 55 58 173 172 43 44 174 45 81 95 94 42 43 46 66 96
14 12 5 61 44 174 45 81 95 105 106 119 118 117 199 66 96 120 119 118
33 12 5 61 44 174 45 81 95 105 106 119 118 117 199 66 96 120 119 118
25 18 7 61 44 174 45 81 95 105 106 119 118 120 132 133 134 150 149 204 203 66 96 120 121 134 150 148
11 14 9 61 29 31 167 63 65 81 95 105 106 119 118 117 199 44 30 32 45 66 96 120 119 118
12 14 9 61 29 31 167 63 65 81 95 105 106 119 118 117 199 44 30 32 45 66 96 120 119 118
13 14 9 61 29 31 167 63 65 81 95 105 106 119 118 117 199 44 30 32 45 66 96 120 119 118
11 9 4 62 42 238 237 236 45 226 227 235 43 46 66 96
12 9 4 62 42 238 237 236 45 226 227 235 43 46 66 96
13 9 4 62 42 238 237 236 45 226 227 235 43 46 66 96
18 9 4 62 42 43 44 174 45 226 227 235 43 46 66 96
19 9 4 62 42 43 44 174 45 226 227 235 43 46 66 96
22 9 7 63 167 261 259 260 262 161 54 56 45 32 30 28 27 39 55
33 8 5 63 237 238 172 41 40 55 57 44 43 42 41 56
14 8 5 63 237 238 172 41 40 55 57 44 43 42 41 56
5 14 8 64 61 43 42 62 179 79 93 190 195 114 115 130 146 44 43 63 80 79 94 116 131
0 14 8 64 61 43 42 62 179 79 93 190 195 114 115 130 146 44 43 63 80 79 94 116 131
1 14 8 64 61 43 42 62 179 79 93 190 195 114 115 130 146 44 43 63 80 79 94 116 131
2 14 8 64 61 43 42 62 179 79 93 190 195 114 115 130 146 44 43 63 80 79 94 116 131
3 14 8 64 61 43 42 62 179 79 93 190 195 114 115 130 146 44 43 63 80 79 94 116 131
6 14 8 64 61 43 42 62 179 79 93 190 195 114 115 130 146 44 43 63 80 79 94 116 131
4 14 8 64 61 43 42 62 179 79 93 190 195 114 115 130 146 44 43 63 80 79 94 116 131
8 9 5 226 227 235 234 233 213 212 104 103 96 120 119 118 105
7 9 5 226 227 235 234 233 213 212 104 103 96 120 119 118 105
5 9 5 226 227 235 234 233 213 212 104 103 96 120 119 118 105
4 9 5 226 227 235 234 233 213 212 104 103 96 120 119 118 105
29 7 6 180 68 244 254 232 221 231 68 69 71 85 84 99
6 7 6 180 68 244 254 232 221 231 68 69 71 85 84 99
24 5 3 180 69 83 221 231 68 84 99
8 10 6 68 70 181 71 53 52 37 25 24 7 69 71 38 26 25 24
9 10 6 68 70 181 71 53 52 37 25 24 7 69 71 38 26 25 24
7 10 6 68 70 181 71 53 52 37 25 24 7 69 71 38 26 25 24
0 10 6 68 70 181 71 53 52 37 25 24 7 69 71 38 26 25 24
33 9 6 68 70 176 50 170 37 25 24 7 69 71 38 26 25 24
25 8 5 244 240 241 170 37 25 24 23 71 38 26 25 24
9 6 3 244 240 241 36 20 21 71 23 21
10 6 3 70 240 241 36 20 21 71 23 21
15 6 3 69 67 49 255 158 17 68 35 18
7 6 3 69 67 49 255 158 17 68 35 18
23 8 6 69 180 66 48 46 255 158 17 68 67 47 48 35 18
0 8 6 69 180 66 48 46 255 158 17 68 67 47 48 35 18
17 4 1 271 283 53 177 53
30 5 3 271 182 73 74 279 72 74 75
19 5 2 181 263 232 221 205 85 84
20 5 2 181 263 232 221 205 85 84
0 5 2 271 263 272 221 205 85 84
24 5 2 271 263 99 98 205 85 99
2 5 2 271 263 272 221 97 85 84
33 5 2 271 263 232 221 205 85 84
23 5 2 271 263 232 221 205 85 84
12 12 7 217 218 78 93 222 223 224 225 188 211 111 110 76 77 79 94 91 93 102
21 8 7 74 73 182 183 85 87 100 194 75 74 72 87 86 88 101
14 8 6 74 73 182 181 220 99 192 194 75 74 72 85 100 101
19 8 7 74 73 182 183 85 87 100 194 75 74 72 87 86 88 101
20 8 7 74 73 182 183 85 87 100 194 75 74 72 87 86 88 101
25 3 1 73 74 279 75
24 3 1 73 74 279 75
33 5 1 74 217 75 60 77 76
9 4 1 75 273 58 59 59
29 4 2 275 280 224 225 92 93
25 4 2 275 280 224 225 92 93
33 4 2 275 280 224 225 92 93
32 4 2 275 280 224 225 92 93
31 4 2 275 280 224 225 92 93
4 4 2 275 280 224 225 92 93
22 4 2 275 280 224 225 92 93
23 4 2 275 280 224 225 92 93
28 4 2 275 280 224 225 92 93
2 4 1 77 60 57 56 57
3 4 1 77 60 57 56 57
29 7 5 79 179 62 59 173 165 28 80 63 60 42 29
30 7 5 79 179 62 59 173 165 28 80 63 60 42 29
2 8 4 78 218 75 55 58 173 165 28 77 76 42 29
3 8 4 78 218 75 55 58 173 165 28 77 76 42 29
5 8 4 78 218 75 55 58 173 165 28 77 76 42 29
4 8 4 78 218 75 55 58 173 165 28 77 76 42 29
22 10 6 179 62 42 238 237 236 168 166 32 30 63 43 46 34 33 32
24 7 3 179 62 42 238 237 167 30 63 43 45
23 7 3 179 62 42 238 237 167 30 63 43 45
20 10 6 179 62 42 238 237 236 168 166 32 30 63 43 46 34 33 32
26 10 6 80 179 62 42 43 44 174 45 81 82 80 63 43 46 66 82
27 10 6 80 179 62 42 43 44 174 45 81 82 80 63 43 46 66 82
28 10 6 80 179 62 42 43 44 174 45 81 82 80 63 43 46 66 82
23 6 2 227 235 234 233 118 212 107 119
27 18 8 95 235 234 233 118 120 132 133 134 150 149 204 274 146 250 252 116 198 107 121 134 150 148 146 131 116
26 18 8 95 235 234 233 118 120 132 133 134 150 149 204 274 146 250 252 116 198 107 121 134 150 148 146 131 116
33 6 2 227 235 234 233 213 212 107 119
24 6 2 227 235 234 233 118 212 107 119
22 6 2 227 235 234 233 213 212 107 119
16 8 4 82 226 45 236 237 238 42 62 82 66 44 43
17 8 4 82 226 45 236 237 238 42 62 82 66 44 43
15 8 4 82 226 45 236 237 238 42 62 82 66 44 43
1 2 1 272 254 85
1 2 1 232 220 85
2 6 3 220 181 182 73 74 72 72 74 75
6 6 3 220 181 182 73 74 72 72 74 75
5 6 3 220 181 182 73 74 72 72 74 75
4 6 3 220 181 182 73 74 72 72 74 75
3 6 3 220 181 182 73 74 72 72 74 75
0 6 3 220 240 51 175 177 56 51 53 55
11 3 1 85 183 283 87
8 3 1 85 183 283 87
9 6 4 85 87 230 192 98 231 86 88 101 99
10 6 3 183 181 220 185 221 231 85 84 99
16 8 5 183 181 70 68 69 83 221 108 71 69 68 84 99
17 8 5 183 181 70 68 69 83 221 108 71 69 68 84 99
22 8 6 85 87 230 192 98 97 191 107 86 88 101 99 98 108
18 8 5 183 181 70 68 69 83 221 108 71 69 68 84 99
13 7 5 230 242 109 256 207 208 209 101 110 128 129 130
15 7 5 230 242 109 256 207 258 257 101 110 128 129 130
16 7 5 230 242 109 256 207 258 257 101 110 128 129 130
17 7 5 230 242 109 256 207 258 257 101 110 128 129 130
1 8 5 230 229 211 219 228 197 258 257 102 112 113 114 130
2 8 5 230 229 211 219 228 197 258 257 102 112 113 114 130
3 8 5 230 229 211 219 228 197 258 257 102 112 113 114 130
4 8 5 230 229 211 219 228 197 258 257 102 112 113 114 130
13 10 5 86 183 181 220 99 192 229 211 219 228 71 100 101 112 113
25 8 6 86 85 87 230 229 211 219 228 87 86 88 102 112 113
27 8 6 86 85 87 230 229 211 219 228 87 86 88 102 112 113
16 8 6 86 85 87 100 229 211 219 228 87 86 88 102 112 113
17 8 6 86 85 87 100 229 211 219 228 87 86 88 102 112 113
18 8 6 86 85 87 100 229 211 219 228 87 86 88 102 112 113
26 8 6 86 85 87 230 229 211 219 228 87 86 88 102 112 113
15 8 6 86 85 87 100 229 211 219 228 87 86 88 102 112 113
28 8 6 86 85 87 230 229 211 219 228 87 86 88 102 112 113
27 8 4 225 224 223 91 218 75 60 77 93 92 77 76
30 8 4 225 224 223 91 218 75 60 77 93 92 77 76
26 8 4 225 224 223 91 218 75 60 77 93 92 77 76
1 6 4 280 275 218 217 279 266 92 77 76 55
0 6 4 280 275 218 217 279 54 92 77 76 55
24 8 6 223 275 218 75 273 277 39 265 92 77 76 56 41 40
21 7 5 223 275 218 217 72 56 266 92 77 76 57 55
9 6 4 280 275 218 217 279 266 92 77 76 55
11 6 4 280 275 218 217 279 266 92 77 76 55
7 5 2 280 224 225 281 193 93 102
5 5 2 280 224 225 281 229 93 102
1 4 2 224 223 222 239 92 94
0 4 2 224 223 222 239 92 94
1 9 5 214 91 76 75 55 58 173 165 28 92 77 76 42 29
0 9 5 214 91 76 75 55 58 173 165 28 92 77 76 42 29
33 8 6 93 79 179 62 59 173 165 28 79 80 63 60 42 29
32 8 6 93 79 179 62 59 173 165 28 79 80 63 60 42 29
14 8 6 93 79 179 62 59 173 165 28 79 80 63 60 42 29
31 8 6 93 79 179 62 59 173 165 28 79 80 63 60 42 29
8 8 4 216 95 81 65 63 44 43 172 82 66 45 43
9 8 4 216 95 81 65 63 44 43 172 82 66 45 43
10 8 4 216 95 81 65 63 44 43 172 82 66 45 43
31 18 11 216 105 106 119 213 212 198 116 114 195 210 214 91 76 75 55 40 41 96 120 119 118 115 94 92 77 76 56 41
32 18 11 216 105 106 119 213 212 198 116 114 195 210 214 91 76 75 55 40 41 96 120 119 118 115 94 92 77 76 56 41
17 10 4 235 234 233 213 212 198 116 114 195 190 120 119 118 115
1 9 6 235 234 233 213 212 104 103 102 210 120 119 118 105 104 103
0 9 6 235 234 233 213 212 104 103 102 210 120 119 118 105 104 103
21 10 4 105 106 119 213 212 198 116 114 195 210 120 119 118 115
16 10 4 235 234 233 213 212 198 116 114 195 190 120 119 118 115
15 10 4 235 234 233 213 212 198 116 114 195 190 120 119 118 115
25 19 11 227 226 65 63 167 30 15 155 156 29 43 172 173 58 55 75 218 91 222 66 45 31 16 30 44 43 59 76 77 92
20 10 4 105 106 119 213 212 198 116 114 195 210 120 119 118 115
28 19 10 227 226 65 63 167 30 15 155 14 12 28 165 173 58 55 75 218 91 222 66 45 31 16 13 29 42 76 77 92
20 10 6 96 97 186 185 84 176 50 36 20 21 98 84 85 37 23 21
15 10 6 96 97 186 185 84 176 50 36 20 21 98 84 85 37 23 21
16 10 6 96 97 186 185 84 176 50 36 20 21 98 84 85 37 23 21
17 10 6 96 97 186 185 84 176 50 36 20 21 98 84 85 37 23 21
18 10 6 96 97 186 185 84 176 50 36 20 21 98 84 85 37 23 21
19 10 6 96 97 186 185 84 176 50 36 20 21 98 84 85 37 23 21
25 8 4 205 221 185 220 176 50 36 20 84 85 37 23
26 8 4 205 221 185 220 176 50 36 20 84 85 37 23
27 8 4 205 221 185 220 176 50 36 20 84 85 37 23
28 8 4 205 221 185 220 176 50 36 20 84 85 37 23
1 17 11 97 221 83 69 68 70 181 182 73 74 178 54 161 159 24 23 21 84 68 69 71 72 74 75 39 25 24 22
22 13 8 205 221 185 220 181 71 53 52 37 25 24 23 21 84 85 53 38 26 25 24 22
16 11 7 98 192 193 188 89 92 90 189 93 79 80 101 90 93 92 94 79 80
21 11 7 98 192 193 188 89 92 90 189 93 79 80 101 90 93 92 94 79 80
20 11 7 98 192 193 188 89 92 90 189 93 79 80 101 90 93 92 94 79 80
19 11 7 98 192 193 188 89 92 90 189 93 79 80 101 90 93 92 94 79 80
18 11 7 98 192 193 188 89 92 90 189 93 79 80 101 90 93 92 94 79 80
15 11 7 98 192 193 188 89 92 90 189 93 79 80 101 90 93 92 94 79 80
17 11 7 98 192 193 188 89 92 90 189 93 79 80 101 90 93 92 94 79 80
11 6 3 98 231 107 124 123 135 109 108 125
8 6 3 98 231 107 124 123 135 109 108 125
12 6 3 98 231 107 124 123 135 109 108 125
13 6 3 98 231 107 124 123 135 109 108 125
14 6 3 98 231 107 124 123 135 109 108 125
7 4 2 287 286 285 107 99 109
0 4 2 287 286 285 107 99 109
15 4 2 287 286 285 107 99 109
9 4 2 287 286 285 107 99 109
10 4 2 192 98 285 107 99 109
6 2 0 101 111
5 2 0 101 111
4 2 0 101 111
3 2 0 101 111
20 2 0 101 111
2 2 0 101 111
1 2 0 101 111
19 2 0 101 111
4 8 6 210 214 91 76 184 178 54 161 94 92 77 76 55 39
5 8 6 210 214 91 76 184 178 54 161 94 92 77 76 55 39
6 8 6 210 214 91 76 184 178 54 161 94 92 77 76 55 39
19 8 6 210 214 91 76 184 178 54 161 94 92 77 76 55 39
18 8 6 210 214 91 76 184 178 54 161 94 92 77 76 55 39
2 8 6 210 214 91 76 184 178 54 161 94 92 77 76 55 39
3 8 6 210 214 91 76 184 178 54 161 94 92 77 76 55 39
18 4 2 247 248 117 120 105 118
7 4 2 247 248 117 120 105 118
15 4 2 247 248 117 120 105 118
16 4 2 247 248 117 120 105 118
17 4 2 247 248 117 120 105 118
19 4 2 247 248 117 120 105 118
20 4 2 247 248 117 120 105 118
21 4 2 247 248 117 120 105 118
29 5 4 247 248 199 131 132 105 118 132 133
18 14 9 104 199 203 147 146 206 209 208 197 113 112 111 110 194 118 132 148 146 130 114 113 112 110
15 14 9 104 199 203 147 146 206 209 208 197 113 112 111 110 194 118 132 148 146 130 114 113 112 110
16 14 9 104 199 203 147 146 206 209 208 197 113 112 111 110 194 118 132 148 146 130 114 113 112 110
17 14 9 104 199 203 147 146 206 209 208 197 113 112 111 110 194 118 132 148 146 130 114 113 112 110
22 5 2 106 119 118 117 198 119 118
18 5 2 234 233 213 212 288 119 118
19 5 2 234 233 213 212 288 119 118
26 11 7 106 105 227 226 65 63 167 31 164 165 172 82 66 45 32 30 29 42
30 8 3 106 105 227 226 65 63 44 43 82 66 45
29 8 3 106 105 227 226 65 63 44 43 82 66 45
27 11 7 106 105 227 226 65 63 167 31 164 165 172 82 66 45 32 30 29 42
14 11 5 191 97 186 83 69 67 49 47 158 157 18 98 84 68 35 18
13 11 5 191 97 186 83 69 67 49 47 158 157 18 98 84 68 35 18
12 11 5 191 97 186 83 69 67 49 47 158 157 18 98 84 68 35 18
11 11 5 191 97 186 83 69 67 49 47 158 157 18 98 84 68 35 18
10 11 5 191 97 186 83 69 67 49 47 158 157 18 98 84 68 35 18
9 11 5 191 97 186 83 69 67 49 47 158 157 18 98 84 68 35 18
8 11 5 191 97 186 83 69 67 49 47 158 157 18 98 84 68 35 18
3 2 1 285 221 99
4 2 1 285 221 99
14 13 8 242 230 87 85 183 71 53 175 51 241 36 20 153 101 88 86 87 52 37 23 21
33 18 6 110 111 211 229 230 187 220 240 51 175 52 38 161 159 8 154 6 152 102 85 51 39 25 7
24 9 4 194 230 187 220 240 50 36 20 153 101 37 23 21
23 9 4 194 230 187 220 240 50 36 20 153 101 37 23 21
8 9 4 242 230 243 220 240 241 36 20 153 101 37 23 21
18 14 6 242 230 187 220 240 51 175 52 37 25 24 7 6 152 101 51 38 26 25 24
29 9 4 242 230 187 220 240 241 36 20 153 101 37 23 21
2 7 3 110 242 287 286 285 297 299 101 99 126
3 7 3 110 242 287 286 231 297 299 101 99 126
1 7 3 110 242 287 286 285 297 299 101 99 126
24 6 3 110 109 256 128 140 137 110 128 141
22 6 3 110 109 256 128 140 137 110 128 141
20 6 3 110 109 256 128 140 137 110 128 141
19 6 3 110 109 256 128 140 137 110 128 141
21 6 3 110 109 256 128 140 137 110 128 141
21 12 8 112 113 197 208 209 206 146 147 203 199 104 103 113 114 130 146 148 132 118 105
20 12 8 112 113 197 208 209 206 146 147 203 199 104 103 113 114 130 146 148 132 118 105
19 12 8 112 113 197 208 209 206 146 147 203 199 104 103 113 114 130 146 148 132 118 105
8 8 5 211 188 89 92 90 189 210 102 90 93 92 94 103
7 8 5 101 188 89 92 90 189 210 102 90 93 92 94 103
23 7 4 219 101 188 89 92 90 214 112 90 93 92
9 7 4 219 211 188 225 224 223 222 112 90 93 92
10 7 4 219 211 188 225 224 223 222 112 90 93 92
11 7 4 219 211 188 225 224 223 222 112 90 93 92
22 7 4 219 211 188 89 92 90 214 112 90 93 92
24 7 4 219 101 188 89 92 90 214 112 90 93 92
0 7 4 228 219 211 229 230 187 232 113 112 101 85
8 8 6 228 219 111 110 194 192 99 185 113 112 110 101 100 85
19 11 6 228 219 211 229 230 187 220 70 68 69 83 113 112 101 71 69 68
20 11 6 228 219 211 229 230 187 220 70 68 69 83 113 112 101 71 69 68
21 7 4 228 219 211 229 230 187 232 113 112 101 85
7 7 4 228 219 211 229 192 98 221 113 112 101 99
27 8 5 195 210 93 78 76 184 178 177 94 79 77 76 55
24 8 5 195 210 189 91 76 184 178 177 94 92 77 76 55
30 8 5 195 210 93 78 76 184 178 177 94 79 77 76 55
25 8 5 195 210 93 78 76 184 178 177 94 79 77 76 55
26 8 5 195 210 93 78 76 184 178 177 94 79 77 76 55
28 8 5 195 210 93 78 76 184 178 177 94 79 77 76 55
22 8 5 195 210 189 91 76 184 178 177 94 92 77 76 55
23 8 5 195 210 189 91 76 184 178 177 94 92 77 76 55
30 9 4 252 249 131 132 120 118 233 234 235 132 133 119 106
25 7 3 116 198 212 213 233 234 235 118 119 106
29 7 3 116 198 212 213 233 234 235 118 119 106
28 15 7 252 250 146 274 204 149 150 134 133 132 120 118 233 234 235 131 147 148 150 133 119 106
11 7 4 116 252 250 251 209 208 207 116 131 144 130
6 8 3 198 199 249 250 145 144 201 129 131 144 130
3 8 3 198 199 249 250 145 144 201 129 131 144 130
2 8 3 198 199 249 250 145 144 201 129 131 144 130
22 7 4 116 115 250 206 209 208 207 116 131 144 130
3 7 5 104 103 102 239 222 223 224 105 104 103 94 91
2 7 5 104 103 102 239 222 223 224 105 104 103 94 91
19 8 3 198 116 114 195 190 222 223 224 115 94 91
18 8 3 198 116 114 195 190 222 223 224 115 94 91
21 6 2 118 233 234 235 227 226 106 82
20 6 2 118 233 234 235 227 226 106 82
14 6 2 213 233 234 235 227 226 106 82
6 6 2 118 233 234 235 227 226 106 82
2 6 2 213 233 234 235 227 226 106 82
3 6 2 213 233 234 235 227 226 106 82
4 3 2 118 117 288 119 118
5 3 2 118 117 288 119 118
2 3 2 300 212 288 119 118
11 4 3 132 131 203 148 133 132 148
12 4 3 132 131 203 148 133 132 148
19 10 4 121 106 105 95 81 65 63 167 31 156 82 66 45 32
4 10 3 121 106 105 95 81 45 174 44 29 156 82 66 44
18 10 4 121 106 105 95 81 65 63 167 31 156 82 66 45 32
17 10 4 121 106 105 95 81 65 63 167 31 156 82 66 45 32
16 10 4 121 106 105 95 81 65 63 167 31 156 82 66 45 32
15 10 4 121 106 105 95 81 65 63 167 31 156 82 66 45 32
7 10 4 121 106 105 95 81 65 63 167 31 156 82 66 45 32
5 10 3 121 106 105 95 81 45 174 44 29 156 82 66 44
13 11 8 122 213 212 104 103 102 210 214 90 92 89 119 118 105 104 103 94 91 93
12 11 8 122 213 212 104 103 102 210 214 90 92 89 119 118 105 104 103 94 91 93
11 11 8 122 213 212 104 103 102 210 214 90 92 89 119 118 105 104 103 94 91 93
10 11 8 122 213 212 104 103 102 210 189 90 92 89 119 118 105 104 103 94 91 93
9 11 8 122 213 212 104 103 102 210 189 90 92 89 119 118 105 104 103 94 91 93
0 10 8 123 124 191 97 98 192 100 87 85 183 125 108 98 100 101 88 86 87
24 8 5 123 124 191 97 186 185 84 181 125 108 98 84 85
21 8 5 123 124 191 97 186 185 84 181 125 108 98 84 85
23 8 5 123 124 191 97 186 185 84 181 125 108 98 84 85
33 8 4 123 125 196 108 186 185 84 181 126 99 84 85
26 16 12 124 191 97 98 192 193 188 89 92 90 189 190 102 103 104 117 108 98 100 101 90 93 92 94 103 104 105 118
27 16 12 124 191 97 98 192 193 188 89 92 90 189 190 102 103 104 117 108 98 100 101 90 93 92 94 103 104 105 118
28 16 12 124 191 97 98 192 193 188 89 92 90 189 190 102 103 104 117 108 98 100 101 90 93 92 94 103 104 105 118
29 16 12 124 191 97 98 192 193 188 89 92 90 189 190 102 103 104 117 108 98 100 101 90 93 92 94 103 104 105 118
30 16 12 124 191 97 98 192 193 188 89 92 90 189 190 102 103 104 117 108 98 100 101 90 93 92 94 103 104 105 118
31 16 12 124 191 97 98 192 193 188 89 92 90 189 190 102 103 104 117 108 98 100 101 90 93 92 94 103 104 105 118
32 16 12 124 191 97 98 192 193 188 89 92 90 189 190 102 103 104 117 108 98 100 101 90 93 92 94 103 104 105 118
25 16 12 124 191 97 98 192 193 188 89 92 90 189 190 102 103 104 117 108 98 100 101 90 93 92 94 103 104 105 118
0 10 7 126 200 109 194 193 188 89 92 90 189 127 128 110 101 90 93 92
1 10 7 126 200 109 194 193 188 89 92 90 189 127 128 110 101 90 93 92
6 10 7 126 200 109 194 193 188 89 92 90 189 127 128 110 101 90 93 92
2 10 7 126 200 109 194 193 188 89 92 90 189 127 128 110 101 90 93 92
3 10 7 126 200 109 194 193 188 89 92 90 189 127 128 110 101 90 93 92
4 10 7 126 200 109 194 193 188 89 92 90 189 127 128 110 101 90 93 92
5 10 7 126 200 109 194 193 188 89 92 90 189 127 128 110 101 90 93 92
33 3 1 126 297 107 109
7 3 1 126 297 298 109
0 3 1 299 297 298 109
4 8 4 127 207 208 209 206 215 147 148 129 130 146 148
3 8 4 127 207 208 209 206 215 147 148 129 130 146 148
33 11 5 200 137 140 128 207 208 209 206 215 147 148 127 141 130 146 148
7 11 5 200 137 140 128 207 208 209 206 215 147 148 127 141 130 146 148
6 8 4 127 207 208 209 206 215 147 148 129 130 146 148
5 8 4 127 207 208 209 206 215 147 148 129 130 146 148
0 9 5 129 201 144 145 250 249 199 248 247 130 146 132 118 105
25 9 5 207 208 209 206 250 249 199 248 247 130 146 132 118 105
12 10 6 207 208 209 251 250 252 116 198 248 247 130 146 131 116 118 105
1 9 5 129 201 144 145 250 249 199 248 247 130 146 132 118 105
5 9 5 129 201 144 145 250 249 199 248 247 130 146 132 118 105
4 9 5 129 201 144 145 250 249 199 248 247 130 146 132 118 105
23 15 9 197 113 112 211 193 100 87 85 183 71 53 175 51 176 70 114 113 112 101 88 86 87 52 71
28 10 6 197 113 112 111 110 194 100 187 84 70 114 113 112 110 101 71
27 10 6 197 113 112 111 110 194 100 187 84 70 114 113 112 110 101 71
26 10 6 197 113 112 111 110 194 100 187 84 70 114 113 112 110 101 71
25 10 6 197 113 112 111 110 194 100 187 84 70 114 113 112 110 101 71
24 15 9 197 113 112 211 193 100 87 85 183 71 53 175 51 176 70 114 113 112 101 88 86 87 52 71
29 17 11 208 209 206 130 115 114 195 210 93 78 76 184 74 73 182 181 70 146 131 115 94 79 77 76 75 74 72 71
9 6 3 250 251 257 258 197 228 144 130 114
7 6 3 250 251 257 258 197 113 144 130 114
6 8 6 131 132 120 117 248 247 102 239 133 119 118 105 104 103
28 12 7 131 202 130 145 144 201 129 127 200 126 196 107 131 144 130 129 128 127 109
23 12 7 131 202 130 145 144 201 129 127 200 126 196 107 131 144 130 129 128 127 109
24 12 7 131 202 130 145 144 201 129 127 200 126 196 107 131 144 130 129 128 127 109
25 12 7 131 202 130 145 144 201 129 127 200 126 196 107 131 144 130 129 128 127 109
26 12 7 131 202 130 145 144 201 129 127 200 126 196 107 131 144 130 129 128 127 109
27 12 7 131 202 130 145 144 201 129 127 200 126 196 107 131 144 130 129 128 127 109
17 12 6 133 131 202 130 145 144 201 129 127 200 126 196 132 144 130 129 128 127
15 12 6 133 131 202 130 145 144 201 129 127 200 126 196 132 144 130 129 128 127
16 12 6 133 131 202 130 145 144 201 129 127 200 126 196 132 144 130 129 128 127
22 12 6 133 131 202 130 145 144 201 129 127 200 126 196 132 144 130 129 128 127
18 12 6 133 131 202 130 145 144 201 129 127 200 126 196 132 144 130 129 128 127
19 12 6 133 131 202 130 145 144 201 129 127 200 126 196 132 144 130 129 128 127
20 12 6 133 131 202 130 145 144 201 129 127 200 126 196 132 144 130 129 128 127
21 12 6 133 131 202 130 145 144 201 129 127 200 126 196 132 144 130 129 128 127
8 13 7 134 133 131 202 115 114 195 190 93 79 179 62 42 133 131 115 94 79 80 63
7 13 7 134 133 131 202 115 114 195 190 93 79 179 62 42 133 131 115 94 79 80 63
9 13 7 134 133 131 202 115 114 195 190 93 79 179 62 42 133 131 115 94 79 80 63
10 13 7 134 133 131 202 115 114 195 190 93 79 179 62 42 133 131 115 94 79 80 63
16 5 3 135 123 124 191 205 125 108 98
15 5 3 135 123 124 191 205 125 108 98
7 5 3 135 123 124 191 205 125 108 98
1 12 8 136 125 196 108 186 185 84 176 50 36 20 153 125 109 99 84 85 37 23 21
2 12 8 136 125 196 108 186 185 84 176 50 36 20 153 125 109 99 84 85 37 23 21
7 12 8 136 125 196 108 186 185 84 176 50 36 20 153 125 109 99 84 85 37 23 21
0 12 8 136 125 196 108 186 185 84 176 50 36 20 153 125 109 99 84 85 37 23 21
3 12 8 136 125 196 108 186 185 84 176 50 36 20 153 125 109 99 84 85 37 23 21
4 12 8 136 125 196 108 186 185 84 176 50 36 20 153 125 109 99 84 85 37 23 21
5 12 8 136 125 196 108 186 185 84 176 50 36 20 153 125 109 99 84 85 37 23 21
6 12 8 136 125 196 108 186 185 84 176 50 36 20 153 125 109 99 84 85 37 23 21
8 3 1 137 299 297 126
9 3 1 137 299 297 126
10 3 1 137 299 297 126
13 3 1 137 299 297 126
4 3 1 137 299 297 126
5 3 1 137 299 297 126
6 3 1 137 299 297 126
11 3 1 137 299 297 126
12 3 1 137 299 297 126
23 9 7 138 139 140 128 256 109 242 192 99 140 138 129 128 110 101 100
12 9 7 138 139 140 128 256 109 242 192 99 140 138 129 128 110 101 100
11 9 7 138 139 140 128 256 109 242 192 99 140 138 129 128 110 101 100
26 11 5 141 142 143 209 206 215 147 203 199 212 213 147 148 132 118 119
30 10 4 141 142 143 209 206 130 202 199 212 213 146 132 118 119
32 11 4 141 142 143 209 206 130 202 131 132 120 118 146 132 133 119
24 15 5 141 142 143 209 206 215 147 204 149 150 134 133 132 120 213 147 148 150 133 119
23 15 5 141 142 143 209 206 215 147 204 149 150 134 133 132 120 213 147 148 150 133 119
31 11 4 141 142 143 209 206 130 202 131 132 120 118 146 132 133 119
28 11 5 141 142 143 209 206 215 147 203 199 212 213 147 148 132 118 119
27 11 5 141 142 143 209 206 215 147 203 199 212 213 147 148 132 118 119
32 23 13 140 137 126 196 108 186 185 84 176 50 170 38 171 163 162 164 31 167 174 45 81 95 94 127 109 99 84 85 39 40 29 30 32 46 66 96
31 23 13 140 137 126 196 108 186 185 84 176 50 170 38 171 163 162 164 31 167 174 45 81 95 94 127 109 99 84 85 39 40 29 30 32 46 66 96
30 23 13 140 137 126 196 108 186 185 84 176 50 170 38 171 163 162 164 31 167 174 45 81 95 94 127 109 99 84 85 39 40 29 30 32 46 66 96
29 23 13 140 137 126 196 108 186 185 84 176 50 170 38 171 163 162 164 31 167 174 45 81 95 94 127 109 99 84 85 39 40 29 30 32 46 66 96
10 15 8 128 129 201 144 145 146 147 203 199 117 118 119 106 105 94 130 146 148 132 118 119 106 96
9 15 8 128 129 201 144 145 146 147 203 199 117 118 119 106 105 94 130 146 148 132 118 119 106 96
8 15 8 128 129 201 144 145 146 147 203 199 117 118 119 106 105 94 130 146 148 132 118 119 106 96
6 7 4 142 143 258 197 228 219 211 130 114 113 112
0 7 4 142 143 258 197 113 112 101 130 114 113 112
5 7 4 142 143 258 197 228 219 211 130 114 113 112
8 2 0 143 257
10 2 0 143 257
31 4 3 258 207 256 200 130 129 128
30 4 3 258 207 256 200 130 129 128
29 4 3 258 207 256 200 130 129 128
11 11 6 145 130 115 114 195 190 189 91 76 184 178 131 115 94 92 77 76
14 11 6 145 130 115 114 195 190 189 91 76 184 178 131 115 94 92 77 76
13 11 6 145 130 115 114 195 190 189 91 76 184 178 131 115 94 92 77 76
12 11 6 145 130 115 114 195 190 189 91 76 184 178 131 115 94 92 77 76
13 11 7 206 144 201 129 127 200 126 196 108 205 96 130 129 128 127 109 99 98
12 11 7 206 144 201 129 127 200 126 196 108 205 96 130 129 128 127 109 99 98
11 11 7 206 144 201 129 127 200 126 196 108 205 96 130 129 128 127 109 99 98
10 11 7 206 209 208 207 127 200 126 196 108 205 96 130 129 128 127 109 99 98
9 11 7 206 209 208 207 127 200 126 196 108 205 96 130 129 128 127 109 99 98
14 11 7 206 144 201 129 127 200 126 196 108 205 96 130 129 128 127 109 99 98
8 11 7 206 209 208 207 127 200 126 196 108 205 96 130 129 128 127 109 99 98
33 15 9 130 115 114 195 190 189 90 92 89 188 193 192 98 97 96 131 115 94 91 93 102 101 99 98
33 11 8 146 145 144 201 129 127 109 194 100 87 85 144 130 129 128 110 101 88 86
7 11 8 146 145 144 201 129 127 109 194 100 87 85 144 130 129 128 110 101 88 86
32 11 8 146 145 144 201 129 127 109 194 100 87 85 144 130 129 128 110 101 88 86
31 11 8 146 145 144 201 129 127 109 194 100 87 85 144 130 129 128 110 101 88 86
29 11 8 146 145 144 201 129 127 109 194 100 87 85 144 130 129 128 110 101 88 86
30 11 8 146 145 144 201 129 127 109 194 100 87 85 144 130 129 128 110 101 88 86
4 3 2 203 131 132 132 133
5 3 2 203 131 132 132 133
22 9 8 148 203 199 104 103 102 190 93 79 148 132 118 105 104 103 94 79
24 9 8 148 203 199 104 103 102 190 93 79 148 132 118 105 104 103 94 79
23 9 8 148 203 199 104 103 102 190 93 79 148 132 118 105 104 103 94 79
1 8 4 204 147 215 206 209 208 207 127 148 146 130 129
2 8 4 204 147 215 206 209 208 207 127 148 146 130 129
0 8 4 204 147 215 206 209 208 207 127 148 146 130 129
14 19 13 204 203 131 132 120 212 104 103 102 210 214 90 92 89 188 211 111 110 109 148 132 133 119 118 105 104 103 94 91 93 102 110
8 5 3 149 204 274 215 251 150 148 146
13 5 3 149 204 147 215 251 150 148 146
22 5 3 149 204 147 215 251 150 148 146
29 5 3 149 204 147 215 251 150 148 146
30 5 3 149 204 147 215 251 150 148 146
31 5 3 149 204 147 215 251 150 148 146
32 5 3 149 204 147 215 251 150 148 146
33 6 3 149 204 203 249 250 251 150 148 131
0 13 6 151 150 134 133 132 120 118 119 106 105 95 81 45 151 133 119 106 82 66
2 13 6 151 150 134 133 132 120 118 119 106 105 95 81 45 151 133 119 106 82 66
1 13 6 151 150 134 133 132 120 118 119 106 105 95 81 45 151 133 119 106 82 66
3 13 6 151 150 134 133 132 120 118 119 106 105 95 81 45 151 133 119 106 82 66