763
7 17 158 47 49 67 69 83
7 17 158 47 49 67 69 83
7 17 158 47 49 67 69 83
7 17 158 47 49 67 69 83
13 3 18 19 35 169 170 38 171 163 162 164 156 155
13 3 18 19 35 169 170 38 171 163 162 164 156 155
13 3 18 19 35 169 170 38 171 163 162 164 156 155
13 3 18 19 35 169 170 38 171 163 162 164 156 155
13 3 18 19 35 169 170 38 171 163 162 164 156 155
13 2 5 153 21 23 24 159 160 162 164 31 167 63
13 2 5 153 21 23 24 159 160 162 164 31 167 63
13 2 5 153 21 23 24 159 160 162 164 31 167 63
13 2 5 153 21 23 24 159 160 162 164 31 167 63
13 2 5 153 21 23 24 159 160 162 164 31 167 63
13 2 5 153 21 23 24 159 160 162 164 31 167 63
9 5 153 20 36 50 176 70 68 180
9 5 153 20 36 50 176 70 68 180
9 5 153 20 36 50 176 70 68 180
3 18 19 35
3 18 19 35
3 18 19 35
9 4 18 157 158 47 49 67 69 83
9 4 18 157 158 47 49 67 69 83
9 4 18 157 158 47 49 67 69 83
9 4 18 157 158 47 49 67 69 83
9 4 18 157 158 47 49 67 69 83
9 4 18 157 158 47 49 67 69 83
8 153 21 23 24 159 160 162 164
8 153 21 23 24 159 160 162 164
8 153 21 23 24 159 160 162 164
8 153 21 23 24 159 160 162 164
8 153 21 23 24 159 160 162 164
8 153 21 23 24 159 160 162 164
6 152 153 20 36 170 52
6 152 153 20 36 170 52
6 152 153 20 36 170 52
9 154 8 25 37 170 169 34 47 46
9 154 8 25 37 170 169 34 47 46
9 154 8 25 37 170 169 34 47 46
9 154 8 25 37 170 169 34 47 46
7 8 25 37 170 169 34 158
7 8 25 37 170 169 34 158
7 8 25 37 170 169 34 158
7 8 25 37 170 169 34 158
7 8 25 37 170 169 34 158
7 8 25 37 170 169 34 158
5 26 159 24 23 21
5 26 159 24 23 21
5 26 159 24 23 21
5 26 159 24 23 21
5 26 159 24 23 21
5 26 159 24 23 21
5 26 159 24 23 21
5 26 159 24 23 21
4 11 12 14 155
4 11 12 14 155
4 11 12 14 155
4 11 12 14 155
4 11 12 14 155
4 11 12 14 155
4 11 12 14 155
4 11 12 14 155
3 28 164 29
3 28 164 29
3 28 164 29
4 12 28 162 160
4 12 28 162 160
4 12 28 162 160
4 12 28 162 160
4 12 28 162 160
4 12 28 162 160
4 12 28 162 160
4 12 28 162 160
2 13 156
2 13 156
2 13 156
7 156 164 162 160 159 24 23
7 156 164 162 160 159 24 23
7 156 164 162 160 159 24 23
7 156 164 162 160 159 24 23
7 156 164 162 160 159 24 23
7 156 164 162 160 159 24 23
5 155 156 29 61 64
5 155 156 29 61 64
5 155 156 29 61 64
5 155 156 29 61 64
5 155 156 29 61 64
5 155 156 29 61 64
5 155 156 29 61 64
5 155 156 29 61 64
5 16 155 156 164 165
8 158 47 49 67 69 83 186 108
8 158 47 49 67 69 83 186 108
8 158 47 49 67 69 83 186 108
8 158 47 49 67 69 83 186 108
8 158 47 49 67 69 83 186 108
4 19 22 20 153
4 19 22 20 153
7 35 169 50 176 181 183 85
7 35 169 50 176 181 183 85
7 35 169 50 176 181 183 85
7 35 169 50 176 181 183 85
7 20 36 170 38 171 39 40
7 20 36 170 38 171 39 40
7 20 36 170 38 171 39 40
7 20 36 170 38 171 39 40
7 21 20 36 50 176 181 182
7 21 20 36 50 176 181 182
7 21 20 36 50 176 181 182
7 21 20 36 50 176 181 182
4 36 50 176 84
4 36 50 176 84
4 36 50 176 84
4 36 50 176 84
4 36 50 176 84
4 36 50 176 84
7 24 159 160 162 164 31 167
7 24 159 160 162 164 31 167
7 24 159 160 162 164 31 167
7 24 159 160 162 164 31 167
7 24 159 160 162 164 31 167
7 24 159 160 162 164 31 167
7 159 160 162 164 156 155 16
7 159 160 162 164 156 155 16
7 159 160 162 164 156 155 16
7 159 160 162 164 156 155 16
7 159 160 162 164 156 155 16
7 159 160 162 164 156 155 16
7 159 160 162 164 156 155 16
2 25 8
2 25 8
3 159 24 7
3 159 24 7
8 163 171 38 170 169 35 19 18
8 163 171 38 170 169 35 19 18
8 163 171 38 170 169 35 19 18
8 163 171 38 170 169 35 19 18
8 163 171 38 170 169 35 19 18
3 164 31 167
5 164 162 163 171 54
5 164 162 163 171 54
5 164 162 163 171 54
5 164 162 163 171 54
4 30 167 174 45
11 167 174 45 81 95 105 106 119 118 117 104
11 167 174 45 81 95 105 106 119 118 117 104
11 167 174 45 81 95 105 106 119 118 117 104
11 167 174 45 81 95 105 106 119 118 117 104
11 167 174 45 81 95 105 106 119 118 117 104
8 32 31 164 162 163 171 54 177
8 32 31 164 162 163 171 54 177
8 32 31 164 162 163 171 54 177
8 32 31 164 162 163 171 54 177
5 168 174 44 61 64
4 47 49 67 180
2 169 170
2 169 170
2 169 170
5 50 176 70 68 180
5 50 176 70 68 180
5 50 176 70 68 180
5 50 176 70 68 180
5 50 176 70 68 180
5 50 176 70 68 180
6 170 50 176 84 187 100
6 170 50 176 84 187 100
6 170 50 176 84 187 100
6 170 50 176 84 187 100
6 170 50 176 84 187 100
4 161 159 24 23
12 171 38 170 50 176 84 187 100 193 101 112 113
12 171 38 170 50 176 84 187 100 193 101 112 113
12 171 38 170 50 176 84 187 100 193 101 112 113
12 171 38 170 50 176 84 187 100 193 101 112 113
12 171 38 170 50 176 84 187 100 193 101 112 113
12 171 38 170 50 176 84 187 100 193 101 112 113
12 171 38 170 50 176 84 187 100 193 101 112 113
12 171 38 170 50 176 84 187 100 193 101 112 113
3 40 55 60
3 40 55 60
3 40 55 60
3 40 55 60
3 40 55 60
3 40 55 60
3 40 55 60
3 40 55 60
4 173 58 55 57
4 173 58 55 57
4 173 58 55 57
4 173 58 55 57
4 173 58 55 57
4 173 58 55 57
4 173 58 55 57
4 173 58 55 57
4 173 58 55 57
7 172 165 162 160 159 24 7
7 172 165 162 160 159 24 7
7 172 165 162 160 159 24 7
7 172 165 162 160 159 24 7
7 172 165 162 160 159 24 7
6 29 164 162 160 159 24
6 29 164 162 160 159 24
6 29 164 162 160 159 24
6 29 164 162 160 159 24
6 29 164 162 160 159 24
3 167 30 15
3 167 30 15
12 174 167 31 164 162 163 171 54 178 74 73 88
12 174 167 31 164 162 163 171 54 178 74 73 88
12 174 167 31 164 162 163 171 54 178 74 73 88
12 174 167 31 164 162 163 171 54 178 74 73 88
12 174 167 31 164 162 163 171 54 178 74 73 88
12 174 167 31 164 162 163 171 54 178 74 73 88
12 174 167 31 164 162 163 171 54 178 74 73 88
8 46 47 34 169 170 38 171 163
8 46 47 34 169 170 38 171 163
8 46 47 34 169 170 38 171 163
8 46 47 34 169 170 38 171 163
1 49
14 48 46 47 34 169 170 38 171 163 162 164 29 61 64
14 48 46 47 34 169 170 38 171 163 162 164 29 61 64
14 48 46 47 34 169 170 38 171 163 162 164 29 61 64
14 48 46 47 34 169 170 38 171 163 162 164 29 61 64
14 48 46 47 34 169 170 38 171 163 162 164 29 61 64
14 48 46 47 34 169 170 38 171 163 162 164 29 61 64
14 48 46 47 34 169 170 38 171 163 162 164 29 61 64
14 48 46 47 34 169 170 38 171 163 162 164 29 61 64
11 49 47 34 169 170 38 171 163 162 28 12
11 49 47 34 169 170 38 171 163 162 28 12
11 49 47 34 169 170 38 171 163 162 28 12
11 49 47 34 169 170 38 171 163 162 28 12
11 49 47 34 169 170 38 171 163 162 28 12
11 49 47 34 169 170 38 171 163 162 28 12
11 49 47 34 169 170 38 171 163 162 28 12
11 49 47 34 169 170 38 171 163 162 28 12
8 51 175 177 178 184 76 91 189
8 51 175 177 178 184 76 91 189
8 51 175 177 178 184 76 91 189
8 51 175 177 178 184 76 91 189
8 51 175 177 178 184 76 91 189
8 51 175 177 178 184 76 91 189
8 51 175 177 178 184 76 91 189
6 51 176 84 185 186 108
6 51 176 84 185 186 108
6 51 176 84 185 186 108
6 51 176 84 185 186 108
6 51 176 84 185 186 108
6 51 176 84 185 186 108
5 175 51 176 84 187
5 175 51 176 84 187
5 175 51 176 84 187
5 175 51 176 84 187
5 175 51 176 84 187
5 175 51 176 84 187
5 175 51 176 84 187
5 175 51 176 84 187
5 175 51 176 84 187
5 71 181 70 68 180
5 71 181 70 68 180
5 71 181 70 68 180
5 71 181 70 68 180
5 71 181 70 68 180
6 54 171 163 162 164 29
6 54 171 163 162 164 29
6 54 171 163 162 164 29
6 54 171 163 162 164 29
5 55 75 184 74 73
5 55 75 184 74 73
5 55 75 184 74 73
5 55 75 184 74 73
5 55 75 184 74 73
5 55 75 184 74 73
5 55 75 184 74 73
5 55 75 184 74 73
5 55 75 184 74 73
6 72 184 76 91 90 92
6 72 184 76 91 90 92
6 72 184 76 91 90 92
6 72 184 76 91 90 92
6 72 184 76 91 90 92
6 72 184 76 91 90 92
6 72 184 76 91 90 92
6 72 184 76 91 90 92
7 57 56 177 52 170 169 35
7 57 56 177 52 170 169 35
7 57 56 177 52 170 169 35
7 57 56 177 52 170 169 35
7 57 56 177 52 170 169 35
7 57 56 177 52 170 169 35
7 57 56 177 52 170 169 35
7 57 56 177 52 170 169 35
8 173 41 39 171 38 170 169 34
8 173 41 39 171 38 170 169 34
8 173 41 39 171 38 170 169 34
8 173 41 39 171 38 170 169 34
8 173 41 39 171 38 170 169 34
8 173 41 39 171 38 170 169 34
8 173 41 39 171 38 170 169 34
8 173 41 39 171 38 170 169 34
4 42 43 44 174
4 42 43 44 174
4 42 43 44 174
4 42 43 44 174
12 60 55 58 173 172 43 44 174 45 81 95 94
12 60 55 58 173 172 43 44 174 45 81 95 94
12 60 55 58 173 172 43 44 174 45 81 95 94
12 60 55 58 173 172 43 44 174 45 81 95 94
12 60 55 58 173 172 43 44 174 45 81 95 94
12 61 44 174 45 81 95 105 106 119 118 117 199
12 61 44 174 45 81 95 105 106 119 118 117 199
12 61 44 174 45 81 95 105 106 119 118 117 199
12 61 44 174 45 81 95 105 106 119 118 117 199
12 61 44 174 45 81 95 105 106 119 118 117 199
12 61 44 174 45 81 95 105 106 119 118 117 199
9 62 42 43 44 174 45 81 95 105
9 62 42 43 44 174 45 81 95 105
9 62 42 43 44 174 45 81 95 105
9 62 42 43 44 174 45 81 95 105
9 62 42 43 44 174 45 81 95 105
8 63 44 43 172 173 58 55 57
8 63 44 43 172 173 58 55 57
8 63 44 43 172 173 58 55 57
14 64 61 43 42 62 179 79 93 190 195 114 115 130 146
14 64 61 43 42 62 179 79 93 190 195 114 115 130 146
14 64 61 43 42 62 179 79 93 190 195 114 115 130 146
14 64 61 43 42 62 179 79 93 190 195 114 115 130 146
14 64 61 43 42 62 179 79 93 190 195 114 115 130 146
14 64 61 43 42 62 179 79 93 190 195 114 115 130 146
14 64 61 43 42 62 179 79 93 190 195 114 115 130 146
9 81 95 105 106 119 118 117 104 103
9 81 95 105 106 119 118 117 104 103
9 81 95 105 106 119 118 117 104 103
9 81 95 105 106 119 118 117 104 103
5 180 69 83 186 108
5 180 69 83 186 108
5 180 69 83 186 108
9 68 70 176 50 170 37 25 24 7
9 68 70 176 50 170 37 25 24 7
9 68 70 176 50 170 37 25 24 7
9 68 70 176 50 170 37 25 24 7
9 68 70 176 50 170 37 25 24 7
6 70 176 50 36 20 21
6 70 176 50 36 20 21
6 70 176 50 36 20 21
6 69 67 49 47 158 17
6 69 67 49 47 158 17
6 69 67 49 47 158 17
6 69 67 49 47 158 17
4 181 71 53 177
4 181 71 53 177
5 181 84 185 186 97
5 181 84 185 186 97
5 181 84 185 186 97
5 181 84 185 186 97
5 181 84 185 186 97
5 181 84 185 186 97
5 181 84 185 186 97
8 74 73 182 183 85 87 100 194
8 74 73 182 183 85 87 100 194
8 74 73 182 183 85 87 100 194
8 74 73 182 183 85 87 100 194
8 74 73 182 183 85 87 100 194
3 73 74 178
3 73 74 178
5 74 184 75 60 77
4 75 55 58 59
4 91 90 92 89
4 91 90 92 89
4 91 90 92 89
4 91 90 92 89
4 91 90 92 89
4 91 90 92 89
4 91 90 92 89
4 91 90 92 89
4 91 90 92 89
4 77 60 57 56
4 77 60 57 56
7 79 179 62 59 173 165 28
7 79 179 62 59 173 165 28
7 79 179 62 59 173 165 28
7 79 179 62 59 173 165 28
7 79 179 62 59 173 165 28
7 79 179 62 59 173 165 28
7 179 62 42 43 44 167 30
7 179 62 42 43 44 167 30
7 179 62 42 43 44 167 30
7 179 62 42 43 44 167 30
10 80 179 62 42 43 44 174 45 81 82
10 80 179 62 42 43 44 174 45 81 82
10 80 179 62 42 43 44 174 45 81 82
6 95 105 106 119 118 117
6 95 105 106 119 118 117
6 95 105 106 119 118 117
6 95 105 106 119 118 117
6 95 105 106 119 118 117
6 95 105 106 119 118 117
8 82 81 65 63 44 43 42 62
8 82 81 65 63 44 43 42 62
8 82 81 65 63 44 43 42 62
2 185 84
2 185 84
6 84 181 182 73 74 72
6 84 181 182 73 74 72
6 84 181 182 73 74 72
6 84 181 182 73 74 72
6 84 181 182 73 74 72
6 84 181 182 73 74 72
3 85 183 71
3 85 183 71
6 183 181 84 185 186 108
6 183 181 84 185 186 108
6 183 181 84 185 186 108
6 183 181 84 185 186 108
6 183 181 84 185 186 108
6 183 181 84 185 186 108
7 100 194 109 127 129 201 144
7 100 194 109 127 129 201 144
7 100 194 109 127 129 201 144
7 100 194 109 127 129 201 144
7 100 194 109 127 129 201 144
7 100 194 109 127 129 201 144
7 100 194 109 127 129 201 144
7 100 194 109 127 129 201 144
8 86 85 87 100 193 101 112 113
8 86 85 87 100 193 101 112 113
8 86 85 87 100 193 101 112 113
8 86 85 87 100 193 101 112 113
8 86 85 87 100 193 101 112 113
8 86 85 87 100 193 101 112 113
8 86 85 87 100 193 101 112 113
8 86 85 87 100 193 101 112 113
8 86 85 87 100 193 101 112 113
8 89 92 90 91 76 75 60 77
8 89 92 90 91 76 75 60 77
8 89 92 90 91 76 75 60 77
6 90 91 76 184 178 54
6 90 91 76 184 178 54
6 90 91 76 184 178 54
6 90 91 76 184 178 54
6 90 91 76 184 178 54
6 90 91 76 184 178 54
5 90 92 89 188 193
5 90 92 89 188 193
4 92 90 189 190
4 92 90 189 190
8 93 79 179 62 59 173 165 28
8 93 79 179 62 59 173 165 28
8 93 79 179 62 59 173 165 28
8 93 79 179 62 59 173 165 28
8 93 79 179 62 59 173 165 28
8 93 79 179 62 59 173 165 28
8 94 95 81 65 63 44 43 172
8 94 95 81 65 63 44 43 172
8 94 95 81 65 63 44 43 172
8 94 95 81 65 63 44 43 172
8 94 95 81 65 63 44 43 172
9 105 106 119 118 117 104 103 102 190
9 105 106 119 118 117 104 103 102 190
9 105 106 119 118 117 104 103 102 190
9 105 106 119 118 117 104 103 102 190
9 105 106 119 118 117 104 103 102 190
9 105 106 119 118 117 104 103 102 190
9 105 106 119 118 117 104 103 102 190
9 105 106 119 118 117 104 103 102 190
9 105 106 119 118 117 104 103 102 190
10 96 97 186 185 84 176 50 36 20 21
10 96 97 186 185 84 176 50 36 20 21
10 96 97 186 185 84 176 50 36 20 21
10 96 97 186 185 84 176 50 36 20 21
10 96 97 186 185 84 176 50 36 20 21
10 96 97 186 185 84 176 50 36 20 21
8 97 186 185 84 176 50 36 20
8 97 186 185 84 176 50 36 20
8 97 186 185 84 176 50 36 20
8 97 186 185 84 176 50 36 20
8 97 186 185 84 176 50 36 20
8 97 186 185 84 176 50 36 20
11 98 192 193 188 89 92 90 189 93 79 80
11 98 192 193 188 89 92 90 189 93 79 80
11 98 192 193 188 89 92 90 189 93 79 80
11 98 192 193 188 89 92 90 189 93 79 80
11 98 192 193 188 89 92 90 189 93 79 80
11 98 192 193 188 89 92 90 189 93 79 80
11 98 192 193 188 89 92 90 189 93 79 80
6 98 108 196 125 123 135
6 98 108 196 125 123 135
6 98 108 196 125 123 135
6 98 108 196 125 123 135
6 98 108 196 125 123 135
4 192 98 108 107
4 192 98 108 107
4 192 98 108 107
4 192 98 108 107
4 192 98 108 107
2 101 111
2 101 111
2 101 111
2 101 111
2 101 111
2 101 111
2 101 111
2 101 111
8 190 189 91 76 184 178 54 161
8 190 189 91 76 184 178 54 161
8 190 189 91 76 184 178 54 161
8 190 189 91 76 184 178 54 161
8 190 189 91 76 184 178 54 161
8 190 189 91 76 184 178 54 161
8 190 189 91 76 184 178 54 161
4 103 104 117 120
4 103 104 117 120
4 103 104 117 120
4 103 104 117 120
4 103 104 117 120
4 103 104 117 120
4 103 104 117 120
4 103 104 117 120
4 103 104 117 120
9 103 102 190 189 90 92 89 188 193
9 103 102 190 189 90 92 89 188 193
9 103 102 190 189 90 92 89 188 193
9 103 102 190 189 90 92 89 188 193
5 106 119 118 117 198
5 106 119 118 117 198
5 106 119 118 117 198
8 106 105 95 81 65 63 44 43
8 106 105 95 81 65 63 44 43
8 106 105 95 81 65 63 44 43
8 106 105 95 81 65 63 44 43
11 191 97 186 185 84 176 50 169 35 19 18
11 191 97 186 185 84 176 50 169 35 19 18
11 191 97 186 185 84 176 50 169 35 19 18
11 191 97 186 185 84 176 50 169 35 19 18
11 191 97 186 185 84 176 50 169 35 19 18
11 191 97 186 185 84 176 50 169 35 19 18
11 191 97 186 185 84 176 50 169 35 19 18
2 108 186
2 108 186
9 194 192 99 84 176 50 36 20 153
9 194 192 99 84 176 50 36 20 153
9 194 192 99 84 176 50 36 20 153
9 194 192 99 84 176 50 36 20 153
9 194 192 99 84 176 50 36 20 153
9 194 192 99 84 176 50 36 20 153
9 194 192 99 84 176 50 36 20 153
3 110 109 200
3 110 109 200
3 110 109 200
3 110 109 200
3 110 109 200
3 110 109 200
3 110 109 200
3 110 109 200
8 101 188 89 92 90 189 190 102
8 101 188 89 92 90 189 190 102
8 101 188 89 92 90 189 190 102
8 101 188 89 92 90 189 190 102
8 101 188 89 92 90 189 190 102
7 112 101 188 89 92 90 189
7 112 101 188 89 92 90 189
7 112 101 188 89 92 90 189
7 112 101 188 89 92 90 189
7 112 101 188 89 92 90 189
7 112 101 188 89 92 90 189
7 113 112 101 193 192 99 185
7 113 112 101 193 192 99 185
7 113 112 101 193 192 99 185
7 113 112 101 193 192 99 185
7 113 112 101 193 192 99 185
7 113 112 101 193 192 99 185
8 195 190 189 91 76 184 178 177
8 195 190 189 91 76 184 178 177
8 195 190 189 91 76 184 178 177
8 195 190 189 91 76 184 178 177
8 195 190 189 91 76 184 178 177
8 195 190 189 91 76 184 178 177
8 195 190 189 91 76 184 178 177
8 195 190 189 91 76 184 178 177
7 116 198 117 118 119 106 105
7 116 198 117 118 119 106 105
7 116 198 117 118 119 106 105
7 116 198 117 118 119 106 105
7 116 115 130 145 144 201 129
7 116 115 130 145 144 201 129
7 116 115 130 145 144 201 129
7 116 115 130 145 144 201 129
7 116 115 130 145 144 201 129
7 104 103 102 190 189 90 92
7 104 103 102 190 189 90 92
7 104 103 102 190 189 90 92
7 104 103 102 190 189 90 92
6 118 119 106 105 95 81
6 118 119 106 105 95 81
6 118 119 106 105 95 81
6 118 119 106 105 95 81
6 118 119 106 105 95 81
6 118 119 106 105 95 81
3 118 117 198
3 118 117 198
3 118 117 198
4 132 131 203 148
4 132 131 203 148
10 121 106 105 95 81 65 63 167 31 156
10 121 106 105 95 81 65 63 167 31 156
10 121 106 105 95 81 65 63 167 31 156
10 121 106 105 95 81 65 63 167 31 156
10 121 106 105 95 81 65 63 167 31 156
10 121 106 105 95 81 65 63 167 31 156
10 121 106 105 95 81 65 63 167 31 156
10 121 106 105 95 81 65 63 167 31 156
11 122 118 117 104 103 102 190 189 90 92 89
11 122 118 117 104 103 102 190 189 90 92 89
11 122 118 117 104 103 102 190 189 90 92 89
11 122 118 117 104 103 102 190 189 90 92 89
11 122 118 117 104 103 102 190 189 90 92 89
8 123 125 196 108 186 185 84 181
8 123 125 196 108 186 185 84 181
8 123 125 196 108 186 185 84 181
8 123 125 196 108 186 185 84 181
8 123 125 196 108 186 185 84 181
12 125 126 200 127 129 201 144 145 130 202 199 117
12 125 126 200 127 129 201 144 145 130 202 199 117
12 125 126 200 127 129 201 144 145 130 202 199 117
12 125 126 200 127 129 201 144 145 130 202 199 117
12 125 126 200 127 129 201 144 145 130 202 199 117
12 125 126 200 127 129 201 144 145 130 202 199 117
12 125 126 200 127 129 201 144 145 130 202 199 117
12 125 126 200 127 129 201 144 145 130 202 199 117
10 196 108 98 192 193 188 89 92 90 189
10 196 108 98 192 193 188 89 92 90 189
10 196 108 98 192 193 188 89 92 90 189
10 196 108 98 192 193 188 89 92 90 189
10 196 108 98 192 193 188 89 92 90 189
10 196 108 98 192 193 188 89 92 90 189
10 196 108 98 192 193 188 89 92 90 189
3 126 196 107
3 126 196 107
3 126 196 107
8 127 129 201 144 145 146 147 148
8 127 129 201 144 145 146 147 148
8 127 129 201 144 145 146 147 148
8 127 129 201 144 145 146 147 148
8 127 129 201 144 145 146 147 148
8 127 129 201 144 145 146 147 148
9 129 201 144 145 130 202 199 104 103
9 129 201 144 145 130 202 199 104 103
9 129 201 144 145 130 202 199 104 103
9 129 201 144 145 130 202 199 104 103
9 129 201 144 145 130 202 199 104 103
9 129 201 144 145 130 202 199 104 103
8 129 127 109 194 192 99 84 70
8 129 127 109 194 192 99 84 70
8 129 127 109 194 192 99 84 70
8 129 127 109 194 192 99 84 70
8 129 127 109 194 192 99 84 70
8 129 127 109 194 192 99 84 70
8 129 127 109 194 192 99 84 70
6 130 145 144 201 197 113
6 130 145 144 201 197 113
5 202 115 114 195 190
12 131 202 130 145 144 201 129 127 200 126 196 107
12 131 202 130 145 144 201 129 127 200 126 196 107
12 131 202 130 145 144 201 129 127 200 126 196 107
12 131 202 130 145 144 201 129 127 200 126 196 107
12 131 202 130 145 144 201 129 127 200 126 196 107
12 131 202 130 145 144 201 129 127 200 126 196 107
12 133 131 202 130 145 144 201 129 127 200 126 196
12 133 131 202 130 145 144 201 129 127 200 126 196
12 133 131 202 130 145 144 201 129 127 200 126 196
12 133 131 202 130 145 144 201 129 127 200 126 196
12 133 131 202 130 145 144 201 129 127 200 126 196
12 133 131 202 130 145 144 201 129 127 200 126 196
12 133 131 202 130 145 144 201 129 127 200 126 196
12 133 131 202 130 145 144 201 129 127 200 126 196
13 134 133 131 202 115 114 195 190 93 79 179 62 42
13 134 133 131 202 115 114 195 190 93 79 179 62 42
13 134 133 131 202 115 114 195 190 93 79 179 62 42
13 134 133 131 202 115 114 195 190 93 79 179 62 42
5 135 123 125 196 108
5 135 123 125 196 108
5 135 123 125 196 108
12 136 125 196 108 186 185 84 176 50 36 20 153
12 136 125 196 108 186 185 84 176 50 36 20 153
12 136 125 196 108 186 185 84 176 50 36 20 153
12 136 125 196 108 186 185 84 176 50 36 20 153
12 136 125 196 108 186 185 84 176 50 36 20 153
12 136 125 196 108 186 185 84 176 50 36 20 153
12 136 125 196 108 186 185 84 176 50 36 20 153
12 136 125 196 108 186 185 84 176 50 36 20 153
3 137 126 196
3 137 126 196
3 137 126 196
3 137 126 196
3 137 126 196
3 137 126 196
3 137 126 196
3 137 126 196
3 137 126 196
8 138 139 137 200 109 194 192 99
8 138 139 137 200 109 194 192 99
8 138 139 137 200 109 194 192 99
10 141 142 143 144 145 130 202 199 117 118
10 141 142 143 144 145 130 202 199 117 118
10 141 142 143 144 145 130 202 199 117 118
10 141 142 143 144 145 130 202 199 117 118
10 141 142 143 144 145 130 202 199 117 118
10 141 142 143 144 145 130 202 199 117 118
10 141 142 143 144 145 130 202 199 117 118
10 141 142 143 144 145 130 202 199 117 118
14 128 129 201 144 145 130 202 199 117 118 119 106 105 94
14 128 129 201 144 145 130 202 199 117 118 119 106 105 94
14 128 129 201 144 145 130 202 199 117 118 119 106 105 94
14 128 129 201 144 145 130 202 199 117 118 119 106 105 94
14 128 129 201 144 145 130 202 199 117 118 119 106 105 94
14 128 129 201 144 145 130 202 199 117 118 119 106 105 94
14 128 129 201 144 145 130 202 199 117 118 119 106 105 94
7 142 143 201 197 113 112 101
7 142 143 201 197 113 112 101
7 142 143 201 197 113 112 101
2 143 144
2 143 144
4 201 129 127 200
4 201 129 127 200
4 201 129 127 200
11 145 130 115 114 195 190 189 91 76 184 178
11 145 130 115 114 195 190 189 91 76 184 178
11 145 130 115 114 195 190 189 91 76 184 178
11 145 130 115 114 195 190 189 91 76 184 178
11 145 144 201 129 127 200 126 196 108 97 96
11 145 144 201 129 127 200 126 196 108 97 96
11 145 144 201 129 127 200 126 196 108 97 96
11 145 144 201 129 127 200 126 196 108 97 96
11 145 144 201 129 127 200 126 196 108 97 96
11 145 144 201 129 127 200 126 196 108 97 96
11 145 144 201 129 127 200 126 196 108 97 96
11 145 144 201 129 127 200 126 196 108 97 96
11 146 145 144 201 129 127 109 194 100 87 85
11 146 145 144 201 129 127 109 194 100 87 85
11 146 145 144 201 129 127 109 194 100 87 85
11 146 145 144 201 129 127 109 194 100 87 85
11 146 145 144 201 129 127 109 194 100 87 85
11 146 145 144 201 129 127 109 194 100 87 85
3 203 131 132
3 203 131 132
9 148 203 202 115 114 195 190 93 79
9 148 203 202 115 114 195 190 93 79
9 148 203 202 115 114 195 190 93 79
8 204 147 146 145 144 201 129 127
8 204 147 146 145 144 201 129 127
8 204 147 146 145 144 201 129 127
8 204 147 146 145 144 201 129 127
5 149 204 147 146 145
5 149 204 147 146 145
5 149 204 147 146 145
5 149 204 147 146 145
5 149 204 147 146 145
5 149 204 147 146 145
5 149 204 147 146 145
5 149 204 147 146 145
13 151 150 134 133 132 120 118 119 106 105 95 81 45
13 151 150 134 133 132 120 118 119 106 105 95 81 45
13 151 150 134 133 132 120 118 119 106 105 95 81 45
13 151 150 134 133 132 120 118 119 106 105 95 81 45 