1 0 0
2 4 0
3 2 6
4 1 5
5 4 6
6 3 9
7 8 0
8 24 12
9 25 12
10 9 0
11 10 0
12 11 8
13 12 24
14 15 3
15 13 8
16 31 2
17 16 8
18 0 8
19 4 26
20 19 22
21 23 46
22 21 33
23 20 2
24 22 27
25 24 50
26 25 17
27 10 8
28 11 0
29 12 31
30 44 28
31 32 7
32 30 32
33 32 4
34 17 0
35 36 38
36 20 32
37 23 50
38 26 15
39 38 50
40 41 12
41 56 12
42 41 8
43 60 30
44 43 43
45 44 43
46 66 29
47 48 16
48 35 44
49 47 8
50 48 29
51 37 78
52 51 22
53 38 11
54 53 2
55 39 32
56 58 35
57 55 10
58 57 22
59 56 18
60 59 13
61 58 19
62 44 30
63 60 38
64 45 29
65 62 24
66 64 20
67 49 0
68 50 20
69 68 19
70 68 22
71 69 29
72 54 9
73 57 14
74 75 29
75 73 30
76 58 14
77 76 43
78 61 6
79 77 0
80 79 33
81 80 10
82 66 58
83 82 6
84 70 18
85 71 101
86 87 26
87 89 9
88 86 20
89 74 7
90 93 48
91 92 68
92 77 52
93 91 62
94 79 27
95 96 17
96 82 58
97 98 14
98 99 34
99 100 24
100 85 23
101 88 41
102 112 45
103 104 27
104 105 41
105 118 42
106 96 68
107 106 66
108 109 14
109 99 63
110 128 32
111 110 8
112 111 8
113 112 32
114 113 28
115 116 19
116 131 24
117 116 9
118 119 77
119 120 70
120 107 54
121 119 13
122 107 8
123 120 5
124 125 13
125 108 0
126 125 29
127 126 42
128 129 64
129 141 7
130 129 82
131 146 61
132 133 22
133 121 8
134 133 16
135 134 8
136 124 8
137 125 8
138 127 12
139 140 3
140 138 3
141 138 0
142 140 8
143 142 11
144 143 13
145 144 84
146 145 86
147 146 31
148 147 18
149 148 11
150 151 8
151 135 4
152 151 4
6 7 3
6 21 35
8 9 4
15 16 29
15 30 38
18 19 6
18 35 25
25 27 52
27 28 49
27 39 8
28 29 89
28 40 49
29 30 73
29 42 18
33 34 0
32 45 40
34 46 1
36 37 70
37 38 84
39 40 69
42 43 18
42 59 37
45 46 37
52 53 16
51 71 93
53 55 29
55 73 41
63 80 30
67 68 18
71 72 39
72 74 15
72 87 17
73 76 50
84 85 59
84 99 61
85 88 22
90 102 31
92 94 66
94 103 63
98 108 7
100 101 42
101 102 43
101 110 36
103 115 27
109 126 62
114 130 5
117 118 10
118 132 35
127 128 44
130 144 80
131 132 51
132 148 7
148 150 12
