1 0 0 -1 -1 -1 
2 4 2 1 -1 19 
3 2 3 1 2 19 
4 1 1 1 -1 -1 
5 4 1 5 -1 -1 
6 3 3 1 2 3 
7 8 2 1 -1 3 
8 24 1 68 -1 -1 
9 25 3 9 8 3 
10 9 1 1 -1 -1 
11 10 1 1 -1 -1 
12 11 3 1 11 79 
13 12 3 1 11 50 
14 15 1 14 -1 -1 
15 13 2 1 11 -1 
16 31 0 -1 -1 -1 
17 16 1 -1 -1 25 
18 0 2 70 0 -1 
19 4 2 5 108 -1 
20 19 3 28 4 37 
21 23 3 137 39 97 
22 21 3 68 2 97 
23 20 1 -1 -1 58 
24 22 3 68 2 6 
25 24 3 15 2 6 
26 25 3 9 8 3 
27 10 1 -1 -1 10 
28 11 1 -1 -1 79 
29 12 2 -1 94 50 
30 44 2 49 122 -1 
31 32 2 80 -1 31 
32 30 1 -1 2 -1 
33 32 1 -1 -1 33 
34 17 0 -1 -1 -1 
35 36 3 49 47 50 
36 20 3 28 20 37 
37 23 3 137 39 97 
38 26 3 9 8 3 
39 38 3 49 40 50 
40 41 2 -1 21 59 
41 56 1 -1 21 -1 
42 41 2 -1 41 59 
43 60 3 32 65 135 
44 43 3 46 65 61 
45 44 2 46 -1 61 
46 66 2 -1 152 61 
47 48 3 49 47 37 
48 35 3 49 108 50 
49 47 3 49 8 37 
50 48 3 5 108 50 
51 37 3 137 40 97 
52 51 3 51 85 52 
53 38 3 73 8 3 
54 53 3 73 8 3 
55 39 3 73 103 79 
56 58 3 46 56 61 
57 55 3 73 55 33 
58 57 3 64 55 33 
59 56 2 46 -1 61 
60 59 1 -1 -1 33 
61 58 3 75 90 61 
62 44 3 49 65 62 
63 60 3 32 65 135 
64 45 3 64 2 31 
65 62 3 49 65 34 
66 64 1 -1 -1 31 
67 49 2 -1 8 37 
68 50 3 5 108 18 
69 68 3 68 8 3 
70 68 3 5 108 18 
71 69 3 68 8 3 
72 54 3 73 8 3 
73 57 2 73 57 -1 
74 75 3 46 56 58 
75 73 2 46 -1 58 
76 58 3 46 90 58 
77 76 3 51 103 145 
78 61 3 75 90 78 
79 77 3 115 103 145 
80 79 3 32 65 135 
81 80 2 81 -1 99 
82 66 2 -1 152 61 
83 82 2 81 -1 83 
84 70 3 5 108 18 
85 71 3 137 40 97 
86 87 3 73 147 89 
87 89 1 -1 -1 89 
88 86 3 73 147 89 
89 74 1 46 -1 -1 
90 93 3 133 123 99 
91 92 3 133 123 99 
92 77 3 51 90 79 
93 91 3 133 123 99 
94 79 3 32 65 135 
95 96 3 141 95 61 
96 82 2 -1 152 61 
97 98 2 146 -1 97 
98 99 3 137 108 72 
99 100 3 133 126 99 
100 85 0 -1 -1 -1 
101 88 2 -1 40 88 
102 112 2 -1 40 112 
103 104 2 32 123 -1 
104 105 3 32 123 66 
105 118 2 -1 123 66 
106 96 3 141 152 62 
107 106 3 141 152 62 
108 109 3 133 100 136 
109 99 1 133 -1 -1 
110 128 2 130 147 -1 
111 110 1 111 -1 -1 
112 111 1 102 -1 -1 
113 112 3 113 40 89 
114 113 2 -1 40 89 
115 116 3 133 65 135 
116 131 3 133 65 135 
117 116 2 116 117 -1 
118 119 2 141 -1 125 
119 120 3 141 152 62 
120 107 3 141 152 62 
121 119 2 104 152 -1 
122 107 1 -1 122 -1 
123 120 1 -1 123 -1 
124 125 3 124 100 136 
125 108 3 137 100 136 
126 125 2 124 -1 125 
127 126 3 146 134 125 
128 129 3 146 134 125 
129 141 1 141 -1 -1 
130 129 3 141 134 125 
131 146 2 141 65 -1 
132 133 3 133 134 135 
133 121 3 148 152 121 
134 133 2 -1 152 135 
135 134 2 -1 152 135 
136 124 2 -1 100 136 
137 125 1 137 -1 -1 
138 127 3 138 139 88 
139 140 1 -1 139 -1 
140 138 2 -1 139 88 
141 138 0 -1 -1 -1 
142 140 2 140 -1 88 
143 142 3 140 142 88 
144 143 3 140 142 88 
145 144 3 141 134 125 
146 145 3 141 134 125 
147 146 3 133 65 125 
148 147 3 133 128 125 
149 148 3 149 128 121 
150 151 1 151 -1 -1 
151 135 1 -1 152 -1 
152 151 1 -1 152 -1 
6 7 3 1 7 3 
6 21 3 137 2 110 
8 9 3 1 8 3 
15 16 3 1 45 25 
15 30 3 15 122 25 
18 19 3 5 108 37 
18 35 3 5 108 18 
25 27 3 15 2 6 
27 28 3 15 2 6 
27 39 3 30 103 79 
28 29 3 49 2 50 
28 40 3 49 47 50 
29 30 3 49 2 6 
29 42 3 43 94 17 
33 34 0 -1 -1 -1 
32 45 3 32 2 33 
34 46 1 -1 -1 34 
36 37 3 49 47 50 
37 38 3 49 40 50 
39 40 3 49 40 50 
42 43 3 46 94 61 
42 59 2 46 -1 61 
45 46 2 46 -1 61 
52 53 3 51 85 53 
51 71 3 137 40 97 
53 55 1 51 -1 -1 
55 73 3 51 103 145 
63 80 3 32 65 135 
67 68 3 67 8 3 
71 72 3 124 8 3 
72 74 2 22 -1 58 
72 87 3 73 20 72 
73 76 3 46 103 145 
84 85 3 137 98 97 
84 99 3 137 108 97 
85 88 3 130 40 110 
90 102 3 133 126 99 
92 94 3 133 123 99 
94 103 3 133 65 135 
98 108 2 137 108 -1 
100 101 3 133 126 99 
101 102 3 133 40 99 
101 110 3 73 147 110 
103 115 3 133 65 135 
109 126 2 146 134 -1 
114 130 2 131 142 -1 
117 118 3 116 106 120 
118 132 2 141 -1 125 
127 128 3 146 134 125 
130 144 3 141 134 125 
131 132 3 141 134 135 
132 148 2 133 -1 125 
148 150 2 151 -1 150 
131 146 3 133 134 145 
134 133 1 -1 134 -1 
118 132 2 140 -1 62 
119 118 3 140 123 62 
82 96 2 -1 122 62 
66 82 3 81 122 62 
46 66 3 81 122 62 
45 46 3 81 122 62 
44 45 3 32 122 62 
94 103 3 32 123 145 
44 43 1 32 -1 -1 
120 119 3 140 123 66 
79 80 3 149 94 99 
94 79 1 -1 -1 99 
94 79 3 149 103 145 
115 103 2 115 -1 145 
116 115 1 -1 -1 145 
131 116 2 -1 117 145 
145 146 3 146 147 145 
99 98 3 146 98 97 
109 99 3 146 126 136 
130 129 3 146 147 129 
144 130 3 146 147 129 
145 144 3 146 147 88 
101 88 3 73 147 110 
129 128 2 130 147 -1 
147 146 1 -1 147 -1 
92 94 3 105 126 112 
91 92 3 105 126 112 
93 91 3 105 126 112 
90 93 3 105 126 112 
101 102 3 105 126 89 
126 109 2 124 126 -1 
106 96 2 -1 122 66 
107 106 3 116 122 66 
44 45 2 81 63 -1 
43 44 2 81 63 -1 
60 43 3 81 63 83 
63 60 3 81 63 83 
80 63 2 81 94 -1 
131 132 2 140 -1 129 
146 131 3 140 117 129 
145 146 3 140 128 129 
144 145 3 140 128 129 
35 48 3 5 47 18 
119 118 3 116 96 66 
107 120 3 116 96 66 
82 96 3 107 63 66 
66 82 3 107 63 66 
105 104 3 105 96 129 
118 105 3 149 96 129 
132 118 3 149 132 129 
96 106 2 116 63 -1 
46 66 3 107 63 83 
45 46 3 107 63 83 
90 102 2 105 -1 112 
103 94 2 105 96 -1 
104 103 2 105 96 -1 
23 21 3 68 98 110 
37 23 3 68 98 110 
51 37 3 68 98 110 
71 51 3 68 98 110 
85 71 3 130 98 110 
120 119 3 116 96 119 
106 107 3 107 96 119 
96 106 3 107 96 119 
103 94 3 149 103 112 
104 103 2 149 -1 112 
105 104 3 149 132 118 
148 132 2 149 -1 121 
44 43 3 107 95 83 
45 44 3 107 95 83 
82 66 2 -1 95 83 
99 84 3 124 98 18 
39 40 3 28 47 59 
38 39 3 73 47 59 
37 38 3 28 47 59 
92 94 2 51 -1 79 
73 76 2 51 -1 58 
60 43 3 80 94 33 
63 60 2 80 94 -1 
94 79 3 115 94 79 
77 76 3 115 90 79 
91 92 3 113 90 118 
93 91 3 113 90 118 
90 93 3 113 90 92 
43 42 2 64 95 -1 
46 45 3 60 95 34 
66 46 1 -1 95 -1 
96 82 3 82 95 119 
36 35 3 9 0 59 
37 36 2 28 -1 59 
59 42 3 64 55 59 
102 112 3 113 142 89 
88 101 3 130 139 89 
56 58 3 64 55 33 
59 56 3 64 55 33 
44 43 2 64 -1 33 
45 44 2 64 -1 33 
71 69 1 130 -1 -1 
110 101 3 130 139 88 
130 129 3 130 128 150 
28 29 3 15 24 6 
21 22 2 22 -1 6 
6 21 2 -1 7 6 
88 85 3 38 139 114 
128 110 3 111 139 88 
127 128 3 144 139 88 
146 147 3 151 128 150 
130 144 2 -1 128 150 
128 129 3 144 128 150 
85 71 3 124 0 52 
84 85 3 124 0 114 
109 99 3 124 109 18 
48 50 3 70 35 18 
19 4 3 28 4 19 
39 38 2 28 21 -1 
28 40 1 28 -1 -1 
55 53 3 115 85 33 
73 55 2 115 -1 79 
76 73 3 115 57 79 
103 94 3 115 132 118 
145 144 3 131 117 150 
146 145 3 131 117 150 
148 147 2 151 -1 150 
24 22 2 15 -1 10 
30 29 3 15 24 25 
32 45 3 80 24 31 
30 32 1 -1 24 -1 
27 28 2 -1 24 79 
25 27 3 43 24 25 
24 25 2 43 24 -1 
35 18 2 9 0 -1 
37 36 3 9 0 36 
38 37 2 9 21 -1 
71 72 3 22 20 58 
51 71 3 22 0 58 
37 51 3 22 0 58 
23 37 3 22 21 58 
21 23 2 22 21 -1 
44 45 2 80 -1 34 
43 44 2 80 55 -1 
80 63 1 80 -1 -1 
92 94 3 113 93 118 
102 90 2 113 -1 92 
130 129 2 144 117 -1 
144 130 2 144 117 -1 
104 103 2 -1 132 118 
118 105 3 104 132 118 
113 112 2 -1 142 114 
114 113 3 131 142 114 
144 130 2 131 142 -1 
28 29 3 43 44 25 
27 28 3 43 44 25 
24 8 1 43 -1 -1 
43 42 3 43 55 76 
39 40 1 -1 21 -1 
87 86 3 87 20 72 
51 71 3 69 20 52 
37 51 2 69 20 -1 
36 37 2 -1 20 37 
101 88 2 38 -1 114 
102 101 1 -1 -1 114 
112 102 2 102 -1 114 
82 66 1 -1 -1 119 
120 107 3 82 106 119 
131 146 1 131 -1 -1 
91 93 3 77 57 92 
92 91 3 91 57 92 
77 92 2 91 57 -1 
76 77 2 91 57 -1 
38 53 1 -1 7 -1 
37 38 3 38 7 36 
23 37 3 69 7 23 
21 23 2 69 7 -1 
25 24 3 27 44 10 
27 25 3 27 44 10 
30 29 3 30 44 17 
44 30 3 16 44 29 
99 109 3 87 100 52 
84 99 3 67 109 52 
85 84 2 84 -1 52 
21 22 3 69 39 10 
69 71 2 69 54 -1 
35 18 2 70 -1 37 
48 35 3 70 35 37 
68 50 2 70 35 -1 
70 68 1 70 -1 -1 
71 85 3 38 85 53 
51 71 3 38 85 53 
37 51 3 38 39 23 
119 118 2 82 106 -1 
120 119 3 82 106 120 
106 107 2 82 106 -1 
96 106 1 82 -1 -1 
55 57 2 -1 85 78 
100 99 3 87 100 72 
101 100 3 87 101 72 
88 101 2 87 -1 72 
86 88 2 87 -1 72 
55 39 1 91 -1 -1 
73 55 2 91 -1 74 
76 73 1 91 -1 -1 
146 145 1 151 -1 -1 
44 62 2 16 -1 34 
62 65 1 16 -1 -1 
15 30 3 16 45 17 
16 15 3 16 11 17 
39 55 2 30 39 -1 
28 27 2 30 13 -1 
29 28 2 30 13 -1 
17 16 1 -1 -1 17 
85 88 1 -1 -1 53 
52 51 3 71 39 53 
76 58 3 75 56 76 
73 76 2 75 56 -1 
75 73 3 75 56 74 
99 109 2 67 101 -1 
70 84 1 67 -1 -1 
68 70 1 67 -1 -1 
102 101 1 -1 -1 92 
68 67 1 -1 54 -1 
69 68 1 -1 54 -1 
72 71 1 -1 54 -1 
54 72 2 86 54 -1 
118 119 2 104 -1 120 
104 105 1 104 -1 -1 
93 90 1 77 -1 -1 
92 91 2 77 93 -1 
77 92 1 77 -1 -1 
71 85 2 84 -1 23 
51 71 2 71 -1 23 
58 57 2 42 -1 78 
56 58 3 42 41 76 
59 56 3 42 41 76 
42 59 3 42 41 76 
109 108 2 -1 101 127 
100 99 1 -1 101 -1 
61 58 2 -1 41 78 
53 55 2 71 39 -1 
52 53 2 71 39 -1 
133 132 2 148 -1 121 
3 6 1 -1 -1 19 
44 45 3 60 45 29 
43 44 1 60 -1 -1 
60 43 2 60 -1 76 
12 29 2 12 13 -1 
13 12 1 -1 13 -1 
94 103 1 -1 93 -1 
93 91 1 -1 93 -1 
68 67 1 -1 35 -1 
128 127 1 111 -1 -1 
29 30 2 12 -1 29 
24 8 1 27 -1 -1 
126 109 2 138 -1 127 
127 126 2 138 -1 127 
30 44 2 12 45 -1 
20 36 1 -1 4 -1 
148 132 1 148 -1 -1 
87 72 1 86 -1 -1 
86 87 1 86 -1 -1 
74 75 1 -1 -1 74 
25 9 1 26 -1 -1 
26 25 1 26 -1 -1 
15 30 1 14 -1 -1 
144 145 1 143 -1 -1 
143 144 1 143 -1 -1 
48 50 1 48 -1 -1 
