827
10 172 17 33 34 186 37 52 195 196 74
10 172 17 33 34 186 37 52 195 196 74
10 172 17 33 34 186 37 52 195 196 74
10 172 17 33 34 186 37 52 195 196 74
10 172 17 33 34 186 37 52 195 196 74
10 172 17 33 34 186 37 52 195 196 74
10 172 17 33 34 186 37 52 195 196 74
16 0 1 172 17 33 185 71 83 96 97 98 202 111 127 126 220
16 0 1 172 17 33 185 71 83 96 97 98 202 111 127 126 220
16 0 1 172 17 33 185 71 83 96 97 98 202 111 127 126 220
16 0 1 172 17 33 185 71 83 96 97 98 202 111 127 126 220
16 0 1 172 17 33 185 71 83 96 97 98 202 111 127 126 220
16 0 1 172 17 33 185 71 83 96 97 98 202 111 127 126 220
16 0 1 172 17 33 185 71 83 96 97 98 202 111 127 126 220
4 1 172 17 33
13 3 4 5 174 175 176 25 26 183 27 29 30 31
13 3 4 5 174 175 176 25 26 183 27 29 30 31
13 3 4 5 174 175 176 25 26 183 27 29 30 31
13 3 4 5 174 175 176 25 26 183 27 29 30 31
13 3 4 5 174 175 176 25 26 183 27 29 30 31
13 3 4 5 174 175 176 25 26 183 27 29 30 31
13 3 4 5 174 175 176 25 26 183 27 29 30 31
13 3 4 5 174 175 176 25 26 183 27 29 30 31
8 173 36 38 37 186 34 185 71
8 173 36 38 37 186 34 185 71
8 173 36 38 37 186 34 185 71
8 173 36 38 37 186 34 185 71
13 5 19 20 180 55 196 84 86 100 101 203 112 213
13 5 19 20 180 55 196 84 86 100 101 203 112 213
13 5 19 20 180 55 196 84 86 100 101 203 112 213
13 5 19 20 180 55 196 84 86 100 101 203 112 213
13 5 19 20 180 55 196 84 86 100 101 203 112 213
13 5 19 20 180 55 196 84 86 100 101 203 112 213
13 5 19 20 180 55 196 84 86 100 101 203 112 213
3 174 175 7
3 174 175 7
11 174 19 20 180 55 196 84 86 100 101 204
11 174 19 20 180 55 196 84 86 100 101 204
11 174 19 20 180 55 196 84 86 100 101 204
11 174 19 20 180 55 196 84 86 100 101 204
11 174 19 20 180 55 196 84 86 100 101 204
11 174 19 20 180 55 196 84 86 100 101 204
11 174 19 20 180 55 196 84 86 100 101 204
11 174 19 20 180 55 196 84 86 100 101 204
1 7
10 176 25 26 183 27 29 30 31 32 45
10 176 25 26 183 27 29 30 31 32 45
10 176 25 26 183 27 29 30 31 32 45
10 176 25 26 183 27 29 30 31 32 45
10 176 25 26 183 27 29 30 31 32 45
4 9 8 176 181
4 9 8 176 181
4 9 8 176 181
4 9 8 176 181
4 9 8 176 181
4 9 8 176 181
4 9 8 176 181
4 9 8 176 181
4 9 8 176 181
12 10 24 184 192 61 64 66 67 79 81 93 94
12 10 24 184 192 61 64 66 67 79 81 93 94
12 10 24 184 192 61 64 66 67 79 81 93 94
12 10 24 184 192 61 64 66 67 79 81 93 94
12 10 24 184 192 61 64 66 67 79 81 93 94
12 10 24 184 192 61 64 66 67 79 81 93 94
12 10 24 184 192 61 64 66 67 79 81 93 94
12 10 24 184 192 61 64 66 67 79 81 93 94
4 12 13 14 177
6 12 11 8 175 174 5
6 12 11 8 175 174 5
12 14 178 183 26 184 192 198 60 199 201 105 208
12 14 178 183 26 184 192 198 60 199 201 105 208
12 14 178 183 26 184 192 198 60 199 201 105 208
12 14 178 183 26 184 192 198 60 199 201 105 208
12 14 178 183 26 184 192 198 60 199 201 105 208
12 14 178 183 26 184 192 198 60 199 201 105 208
12 14 178 183 26 184 192 198 60 199 201 105 208
12 14 178 183 26 184 192 198 60 199 201 105 208
13 178 43 44 62 63 64 77 78 80 92 109 211 125
13 178 43 44 62 63 64 77 78 80 92 109 211 125
13 178 43 44 62 63 64 77 78 80 92 109 211 125
13 178 43 44 62 63 64 77 78 80 92 109 211 125
13 178 43 44 62 63 64 77 78 80 92 109 211 125
13 178 43 44 62 63 64 77 78 80 92 109 211 125
13 178 43 44 62 63 64 77 78 80 92 109 211 125
13 178 43 44 62 63 64 77 78 80 92 109 211 125
5 177 178 183 26 184
5 177 178 183 26 184
5 177 178 183 26 184
9 16 177 178 183 26 25 181 22 21
9 16 177 178 183 26 25 181 22 21
9 16 177 178 183 26 25 181 22 21
9 16 177 178 183 26 25 181 22 21
9 16 177 178 183 26 25 181 22 21
10 17 33 34 186 37 52 195 196 84 86
10 17 33 34 186 37 52 195 196 84 86
10 17 33 34 186 37 52 195 196 84 86
10 17 33 34 186 37 52 195 196 84 86
10 17 33 34 186 37 52 195 196 84 86
8 18 19 174 175 8 11 12 13
8 18 19 174 175 8 11 12 13
8 18 19 174 175 8 11 12 13
8 18 19 174 175 8 11 12 13
8 18 19 174 175 8 11 12 13
4 20 180 187 40
4 20 180 187 40
4 20 180 187 40
4 20 180 187 40
4 20 180 187 40
4 20 180 187 40
4 20 180 187 40
4 20 180 187 40
4 20 180 187 40
6 180 55 196 84 85 87
6 180 55 196 84 85 87
6 180 55 196 84 85 87
6 180 55 196 84 85 87
6 180 55 196 84 85 87
6 22 181 25 26 183 27
6 22 181 25 26 183 27
10 181 25 26 183 27 29 30 31 32 45
10 181 25 26 183 27 29 30 31 32 45
10 181 25 26 183 27 29 30 31 32 45
10 181 25 26 183 27 29 30 31 32 45
2 181 6
2 181 6
8 24 26 183 27 29 30 31 32
8 24 26 183 27 29 30 31 32
6 184 192 198 60 199 88
6 184 192 198 60 199 88
6 184 192 198 60 199 88
6 184 192 198 60 199 88
6 184 192 198 60 199 88
1 183
9 183 26 184 41 188 187 55 196 84
9 183 26 184 41 188 187 55 196 84
9 183 26 184 41 188 187 55 196 84
9 183 26 184 41 188 187 55 196 84
9 183 26 184 41 188 187 55 196 84
9 183 26 184 41 188 187 55 196 84
9 183 26 184 41 188 187 55 196 84
9 183 26 184 41 188 187 55 196 84
10 27 183 26 184 192 198 60 199 89 90
10 27 183 26 184 192 198 60 199 89 90
10 27 183 26 184 192 198 60 199 89 90
10 27 183 26 184 192 198 60 199 89 90
10 27 183 26 184 192 198 60 199 89 90
10 27 183 26 184 192 198 60 199 89 90
1 29
1 31
8 31 30 29 27 183 26 184 41
8 31 30 29 27 183 26 184 41
8 31 30 29 27 183 26 184 41
11 45 193 69 68 67 66 64 61 198 60 199
11 45 193 69 68 67 66 64 61 198 60 199
11 45 193 69 68 67 66 64 61 198 60 199
11 45 193 69 68 67 66 64 61 198 60 199
9 33 34 186 37 39 187 189 58 75
9 33 34 186 37 39 187 189 58 75
9 33 34 186 37 39 187 189 58 75
9 33 34 186 37 39 187 189 58 75
9 33 34 186 37 39 187 189 58 75
4 33 17 172 1
4 33 17 172 1
4 33 17 172 1
4 34 33 17 172
4 34 33 17 172
4 34 33 17 172
4 34 33 17 172
4 34 33 17 172
4 34 33 17 172
4 34 33 17 172
4 34 33 17 172
4 34 33 17 172
8 38 37 186 34 185 71 83 96
8 38 37 186 34 185 71 83 96
8 38 37 186 34 185 71 83 96
8 38 37 186 34 185 71 83 96
8 38 37 186 34 185 71 83 96
8 38 37 186 34 185 71 83 96
8 38 37 186 34 185 71 83 96
8 38 37 186 34 185 71 83 96
3 186 34 185
3 186 34 185
3 186 34 185
9 39 187 188 41 191 44 43 178 177
9 39 187 188 41 191 44 43 178 177
9 39 187 188 41 191 44 43 178 177
9 39 187 188 41 191 44 43 178 177
9 39 187 188 41 191 44 43 178 177
9 39 187 188 41 191 44 43 178 177
9 39 187 188 41 191 44 43 178 177
9 39 187 188 41 191 44 43 178 177
11 187 188 41 192 61 64 66 67 68 69 193
11 187 188 41 192 61 64 66 67 68 69 193
11 187 188 41 192 61 64 66 67 68 69 193
11 187 188 41 192 61 64 66 67 68 69 193
11 187 188 41 192 61 64 66 67 68 69 193
11 187 188 41 192 61 64 66 67 68 69 193
11 187 188 41 192 61 64 66 67 68 69 193
11 187 188 41 192 61 64 66 67 68 69 193
5 189 58 75 199 88
5 189 58 75 199 88
5 189 58 75 199 88
6 41 191 44 43 27 29
6 41 191 44 43 27 29
6 41 191 44 43 27 29
6 41 191 44 43 27 29
6 41 191 44 43 27 29
4 191 44 43 178
4 191 44 43 178
5 44 62 63 64 77
5 44 62 63 64 77
5 44 62 63 64 77
5 44 62 63 64 77
5 44 62 63 64 77
5 44 62 63 64 77
5 44 62 63 64 77
5 44 62 63 64 77
5 44 62 63 64 77
8 191 192 198 60 199 201 105 207
8 191 192 198 60 199 201 105 207
8 191 192 198 60 199 201 105 207
8 191 192 198 60 199 201 105 207
8 191 192 198 60 199 201 105 207
6 45 32 31 30 29 27
6 45 32 31 30 29 27
8 46 185 34 186 37 39 187 188
8 46 185 34 186 37 39 187 188
8 46 185 34 186 37 39 187 188
8 46 185 34 186 37 39 187 188
1 46
12 35 186 37 39 187 189 58 75 199 201 106 117
12 35 186 37 39 187 189 58 75 199 201 106 117
12 35 186 37 39 187 189 58 75 199 201 106 117
12 35 186 37 39 187 189 58 75 199 201 106 117
12 35 186 37 39 187 189 58 75 199 201 106 117
12 35 186 37 39 187 189 58 75 199 201 106 117
12 35 186 37 39 187 189 58 75 199 201 106 117
13 49 51 37 52 195 196 84 86 100 101 204 136 222
13 49 51 37 52 195 196 84 86 100 101 204 136 222
13 49 51 37 52 195 196 84 86 100 101 204 136 222
13 49 51 37 52 195 196 84 86 100 101 204 136 222
13 49 51 37 52 195 196 84 86 100 101 204 136 222
13 49 51 37 52 195 196 84 86 100 101 204 136 222
13 49 51 37 52 195 196 84 86 100 101 204 136 222
13 49 51 37 52 195 196 84 86 100 101 204 136 222
13 49 51 37 52 195 196 84 86 100 101 204 136 222
9 194 72 83 96 97 98 99 203 204
9 194 72 83 96 97 98 99 203 204
9 194 72 83 96 97 98 99 203 204
9 194 72 83 96 97 98 99 203 204
9 194 72 83 96 97 98 99 203 204
9 51 37 39 187 188 41 192 61 64
9 51 37 39 187 188 41 192 61 64
9 51 37 39 187 188 41 192 61 64
9 51 37 39 187 188 41 192 61 64
9 51 37 39 187 188 41 192 61 64
9 51 37 39 187 188 41 192 61 64
6 52 37 186 35 50 194
6 52 37 186 35 50 194
6 52 37 186 35 50 194
6 52 37 186 35 50 194
6 52 37 186 35 50 194
6 52 37 186 35 50 194
6 52 37 186 35 50 194
6 52 37 186 35 50 194
6 52 37 186 35 50 194
9 53 51 37 39 187 188 41 184 24
9 53 51 37 39 187 188 41 184 24
9 53 51 37 39 187 188 41 184 24
9 53 51 37 39 187 188 41 184 24
9 53 51 37 39 187 188 41 184 24
9 53 51 37 39 187 188 41 184 24
9 53 51 37 39 187 188 41 184 24
9 53 51 37 39 187 188 41 184 24
6 73 84 86 100 101 204
6 73 84 86 100 101 204
6 73 84 86 100 101 204
6 73 84 86 100 101 204
6 195 52 37 186 35 50
6 195 52 37 186 35 50
6 195 52 37 186 35 50
8 56 195 52 37 186 35 50 194
8 56 195 52 37 186 35 50 194
8 56 195 52 37 186 35 50 194
4 57 56 196 73
4 57 56 196 73
6 75 199 201 106 117 119
6 75 199 201 106 117 119
6 75 199 201 106 117 119
6 75 199 201 106 117 119
6 75 199 201 106 117 119
6 75 199 201 106 117 119
6 75 199 201 106 117 119
6 75 199 201 106 117 119
6 75 199 201 106 117 119
4 190 188 187 55
4 190 188 187 55
4 190 188 187 55
7 60 199 201 205 103 102 101
7 60 199 201 205 103 102 101
7 60 199 201 205 103 102 101
7 60 199 201 205 103 102 101
7 60 199 201 205 103 102 101
7 60 199 201 205 103 102 101
7 60 199 201 205 103 102 101
7 60 199 201 205 103 102 101
3 198 197 58
3 198 197 58
5 62 191 41 188 187
5 62 191 41 188 187
5 62 191 41 188 187
5 62 191 41 188 187
6 64 77 78 80 92 109
6 64 77 78 80 92 109
6 64 77 78 80 92 109
6 64 77 78 80 92 109
6 64 77 78 80 92 109
3 64 61 192
3 64 61 192
5 65 67 68 69 193
5 65 67 68 69 193
7 67 79 81 93 94 110 212
7 67 79 81 93 94 110 212
7 67 79 81 93 94 110 212
7 67 79 81 93 94 110 212
8 67 66 64 61 198 60 199 88
8 67 66 64 61 198 60 199 88
8 67 66 64 61 198 60 199 88
8 67 66 64 61 198 60 199 88
8 67 66 64 61 198 60 199 88
10 68 67 66 64 61 198 197 58 57 56
10 68 67 66 64 61 198 197 58 57 56
10 68 67 66 64 61 198 197 58 57 56
10 68 67 66 64 61 198 197 58 57 56
10 68 67 66 64 61 198 197 58 57 56
8 69 68 67 66 64 61 192 184
8 69 68 67 66 64 61 192 184
8 69 68 67 66 64 61 192 184
8 69 68 67 66 64 61 192 184
8 69 68 67 66 64 61 192 184
8 69 68 67 66 64 61 192 184
6 70 193 45 32 31 30
6 70 193 45 32 31 30
6 70 193 45 32 31 30
6 70 193 45 32 31 30
6 70 193 45 32 31 30
6 70 193 45 32 31 30
6 70 193 45 32 31 30
6 70 193 45 32 31 30
6 70 193 45 32 31 30
1 71
1 71
1 71
3 72 83 96
7 196 195 52 37 186 34 185
7 196 195 52 37 186 34 185
7 196 195 52 37 186 34 185
7 196 195 52 37 186 34 185
7 196 195 52 37 186 34 185
1 74
9 60 198 61 64 66 67 68 69 193
9 60 198 61 64 66 67 68 69 193
9 60 198 61 64 66 67 68 69 193
9 60 198 61 64 66 67 68 69 193
9 60 198 61 64 66 67 68 69 193
9 60 198 61 64 66 67 68 69 193
9 60 198 61 64 66 67 68 69 193
9 60 198 61 64 66 67 68 69 193
2 76 64
2 76 64
2 76 64
5 77 64 61 198 59
5 77 64 61 198 59
7 80 92 109 211 124 123 224
7 80 92 109 211 124 123 224
7 80 92 109 211 124 123 224
7 80 92 109 211 124 123 224
7 80 92 109 211 124 123 224
7 80 92 109 211 124 123 224
4 79 68 69 193
8 92 109 209 207 105 205 200 87
8 92 109 209 207 105 205 200 87
8 92 109 209 207 105 205 200 87
8 92 109 209 207 105 205 200 87
8 92 109 209 207 105 205 200 87
8 92 109 209 207 105 205 200 87
8 92 109 209 207 105 205 200 87
8 92 109 209 207 105 205 200 87
1 81
5 82 83 71 185 33
13 83 71 185 34 186 37 39 187 188 41 192 61 76
13 83 71 185 34 186 37 39 187 188 41 192 61 76
13 83 71 185 34 186 37 39 187 188 41 192 61 76
13 83 71 185 34 186 37 39 187 188 41 192 61 76
13 83 71 185 34 186 37 39 187 188 41 192 61 76
13 83 71 185 34 186 37 39 187 188 41 192 61 76
13 83 71 185 34 186 37 39 187 188 41 192 61 76
2 85 87
2 85 87
2 85 87
4 85 86 100 101
9 100 101 203 99 98 97 96 82 95
9 100 101 203 99 98 97 96 82 95
9 100 101 203 99 98 97 96 82 95
9 100 101 203 99 98 97 96 82 95
9 100 101 203 99 98 97 96 82 95
9 100 101 203 99 98 97 96 82 95
8 200 103 102 101 204 136 222 138
8 200 103 102 101 204 136 222 138
8 200 103 102 101 204 136 222 138
6 201 105 207 209 109 92
6 201 105 207 209 109 92
6 201 105 207 209 109 92
6 201 105 207 209 109 92
6 201 105 207 209 109 92
6 201 105 207 209 109 92
4 90 91 107 207
4 90 91 107 207
4 90 91 107 207
4 90 91 107 207
4 90 91 107 207
4 90 91 107 207
4 90 91 107 207
4 90 91 107 207
4 90 91 107 207
9 90 89 199 60 198 192 191 44 43
9 90 89 199 60 198 192 191 44 43
9 90 89 199 60 198 192 191 44 43
9 90 89 199 60 198 192 191 44 43
9 90 89 199 60 198 192 191 44 43
5 107 207 209 211 125
5 107 207 209 211 125
5 107 207 209 211 125
5 107 207 209 211 125
5 107 207 209 211 125
5 107 207 209 211 125
5 107 207 209 211 125
9 109 209 207 208 217 116 118 216 115
9 109 209 207 208 217 116 118 216 115
9 109 209 207 208 217 116 118 216 115
9 109 209 207 208 217 116 118 216 115
9 109 209 207 208 217 116 118 216 115
9 109 209 207 208 217 116 118 216 115
9 109 209 207 208 217 116 118 216 115
6 93 81 79 68 69 193
6 93 81 79 68 69 193
10 110 210 209 207 105 205 103 102 101 203
10 110 210 209 207 105 205 103 102 101 203
10 110 210 209 207 105 205 103 102 101 203
10 110 210 209 207 105 205 103 102 101 203
10 110 210 209 207 105 205 103 102 101 203
10 110 210 209 207 105 205 103 102 101 203
10 110 210 209 207 105 205 103 102 101 203
8 95 82 96 97 98 99 203 101
8 95 82 96 97 98 99 203 101
8 95 82 96 97 98 99 203 101
8 95 82 96 97 98 99 203 101
8 95 82 96 97 98 99 203 101
8 95 82 96 97 98 99 203 101
8 95 82 96 97 98 99 203 101
8 95 82 96 97 98 99 203 101
8 95 82 96 97 98 99 203 101
10 97 98 99 203 204 136 222 138 157 156
10 97 98 99 203 204 136 222 138 157 156
10 97 98 99 203 204 136 222 138 157 156
10 97 98 99 203 204 136 222 138 157 156
10 97 98 99 203 204 136 222 138 157 156
10 97 98 99 203 204 136 222 138 157 156
10 97 98 99 203 204 136 222 138 157 156
10 97 98 99 203 204 136 222 138 157 156
10 98 99 203 101 100 86 84 196 56 40
10 98 99 203 101 100 86 84 196 56 40
10 98 99 203 101 100 86 84 196 56 40
10 98 99 203 101 100 86 84 196 56 40
10 98 99 203 101 100 86 84 196 56 40
10 98 99 203 101 100 86 84 196 56 40
10 98 99 203 101 100 86 84 196 56 40
2 202 111
2 202 111
2 202 111
2 202 111
2 202 111
2 202 111
2 202 111
2 202 111
2 202 111
3 203 204 136
3 203 204 136
6 102 103 205 201 199 60
6 102 103 205 201 199 60
6 102 103 205 201 199 60
6 102 103 205 201 199 60
6 102 103 205 201 199 60
2 204 136
2 204 136
2 204 136
7 102 101 203 99 98 97 96
7 102 101 203 99 98 97 96
7 102 101 203 99 98 97 96
7 102 101 203 99 98 97 96
7 102 101 203 99 98 97 96
7 102 101 203 99 98 97 96
6 103 102 101 204 136 222
6 103 102 101 204 136 222
6 103 102 101 204 136 222
6 103 102 101 204 136 222
6 103 102 101 204 136 222
6 103 102 101 204 136 222
6 103 102 101 204 136 222
6 103 102 101 204 136 222
6 103 102 101 204 136 222
2 206 115
2 206 115
2 206 115
2 206 115
2 206 115
2 206 115
2 206 115
2 206 115
2 206 115
3 205 200 87
7 106 201 199 60 198 192 191
7 106 201 199 60 198 192 191
7 106 201 199 60 198 192 191
7 106 201 199 60 198 192 191
7 106 201 199 60 198 192 191
7 106 201 199 60 198 192 191
7 106 201 199 60 198 192 191
7 106 201 199 60 198 192 191
4 105 201 199 60
4 105 201 199 60
4 105 201 199 60
4 105 201 199 60
4 105 201 199 60
9 209 211 147 148 169 171 170 168 166
9 209 211 147 148 169 171 170 168 166
9 209 211 147 148 169 171 170 168 166
9 209 211 147 148 169 171 170 168 166
9 209 211 147 148 169 171 170 168 166
9 209 211 147 148 169 171 170 168 166
2 209 108
2 209 108
2 209 108
9 210 209 207 105 201 199 60 198 192
9 210 209 207 105 201 199 60 198 192
9 210 209 207 105 201 199 60 198 192
9 210 209 207 105 201 199 60 198 192
9 210 209 207 105 201 199 60 198 192
9 210 209 207 105 201 199 60 198 192
9 210 209 207 105 201 199 60 198 192
6 202 98 97 96 83 72
6 202 98 97 96 83 72
6 202 98 97 96 83 72
6 202 98 97 96 83 72
6 202 98 97 96 83 72
6 202 98 97 96 83 72
6 202 98 97 96 83 72
6 202 98 97 96 83 72
6 202 98 97 96 83 72
9 113 214 114 216 118 116 217 120 121
9 113 214 114 216 118 116 217 120 121
9 113 214 114 216 118 116 217 120 121
9 113 214 114 216 118 116 217 120 121
9 113 214 114 216 118 116 217 120 121
9 113 214 114 216 118 116 217 120 121
9 113 214 114 216 118 116 217 120 121
9 113 214 114 216 118 116 217 120 121
11 214 204 101 100 86 84 196 195 52 37 51
11 214 204 101 100 86 84 196 195 52 37 51
11 214 204 101 100 86 84 196 195 52 37 51
11 204 203 99 98 97 96 83 72 194 50 48
11 204 203 99 98 97 96 83 72 194 50 48
11 204 203 99 98 97 96 83 72 194 50 48
11 204 203 99 98 97 96 83 72 194 50 48
11 204 203 99 98 97 96 83 72 194 50 48
11 204 203 99 98 97 96 83 72 194 50 48
11 204 203 99 98 97 96 83 72 194 50 48
6 206 104 101 102 103 200
6 206 104 101 102 103 200
6 206 104 101 102 103 200
6 206 104 101 102 103 200
3 118 216 115
3 118 216 115
3 118 216 115
8 116 118 216 115 222 133 132 134
8 116 118 216 115 222 133 132 134
8 116 118 216 115 222 133 132 134
8 116 118 216 115 222 133 132 134
8 116 118 216 115 222 133 132 134
8 116 118 216 115 222 133 132 134
7 216 115 222 133 132 129 131
7 216 115 222 133 132 129 131
7 216 115 222 133 132 129 131
7 216 115 222 133 132 129 131
7 216 115 222 133 132 129 131
7 216 115 222 133 132 129 131
8 119 117 106 201 199 75 58 189
8 119 117 106 201 199 75 58 189
8 119 117 106 201 199 75 58 189
8 119 117 106 201 199 75 58 189
8 119 117 106 201 199 75 58 189
8 119 117 106 201 199 75 58 189
8 119 117 106 201 199 75 58 189
2 120 218
2 120 218
2 120 218
5 120 208 105 205 200
5 120 208 105 205 200
5 120 208 105 205 200
5 120 208 105 205 200
5 120 208 105 205 200
5 120 208 105 205 200
7 122 208 105 205 103 102 100
7 122 208 105 205 103 102 100
7 122 208 105 205 103 102 100
7 122 208 105 205 103 102 100
7 122 208 105 205 103 102 100
7 122 208 105 205 103 102 100
7 122 208 105 205 103 102 100
10 124 211 209 207 105 205 200 87 85 84
10 124 211 209 207 105 205 200 87 85 84
10 124 211 209 207 105 205 200 87 85 84
10 124 211 209 207 105 205 200 87 85 84
10 124 211 209 207 105 205 200 87 85 84
10 124 211 209 207 105 205 200 87 85 84
10 124 211 209 207 105 205 200 87 85 84
10 124 211 209 207 105 205 200 87 85 84
9 211 210 110 94 93 81 79 68 69
9 211 210 110 94 93 81 79 68 69
9 211 210 110 94 93 81 79 68 69
9 211 210 110 94 93 81 79 68 69
9 211 210 110 94 93 81 79 68 69
9 211 210 110 94 93 81 79 68 69
7 212 110 94 93 81 79 67
7 212 110 94 93 81 79 67
9 126 127 111 202 98 97 96 83 72
9 126 127 111 202 98 97 96 83 72
9 126 127 111 202 98 97 96 83 72
8 127 111 213 113 214 114 216 118
8 127 111 213 113 214 114 216 118
8 127 111 213 113 214 114 216 118
8 127 111 213 113 214 114 216 118
3 111 213 112
3 111 213 112
3 111 213 112
5 128 130 151 152 150
5 128 130 151 152 150
5 128 130 151 152 150
4 130 111 213 112
4 130 111 213 112
11 131 129 215 112 203 101 100 86 84 196 55
11 131 129 215 112 203 101 100 86 84 196 55
11 131 129 215 112 203 101 100 86 84 196 55
11 131 129 215 112 203 101 100 86 84 196 55
11 131 129 215 112 203 101 100 86 84 196 55
11 131 129 215 112 203 101 100 86 84 196 55
11 131 129 215 112 203 101 100 86 84 196 55
12 215 113 214 114 216 118 116 217 120 121 145 146
12 215 113 214 114 216 118 116 217 120 121 145 146
12 215 113 214 114 216 118 116 217 120 121 145 146
12 215 113 214 114 216 118 116 217 120 121 145 146
12 215 113 214 114 216 118 116 217 120 121 145 146
10 133 222 115 216 118 116 217 120 121 123
10 133 222 115 216 118 116 217 120 121 123
10 133 222 115 216 118 116 217 120 121 123
10 133 222 115 216 118 116 217 120 121 123
10 133 222 115 216 118 116 217 120 121 123
10 133 222 115 216 118 116 217 120 121 123
5 134 132 135 221 225
3 135 133 222
3 135 133 222
3 135 133 222
4 222 138 157 226
6 137 136 204 203 99 98
6 137 136 204 203 99 98
6 137 136 204 203 99 98
14 115 216 118 116 217 208 207 209 211 147 148 169 171 170
14 115 216 118 116 217 208 207 209 211 147 148 169 171 170
14 115 216 118 116 217 208 207 209 211 147 148 169 171 170
14 115 216 118 116 217 208 207 209 211 147 148 169 171 170
14 115 216 118 116 217 208 207 209 211 147 148 169 171 170
14 115 216 118 116 217 208 207 209 211 147 148 169 171 170
14 115 216 118 116 217 208 207 209 211 147 148 169 171 170
14 115 216 118 116 217 208 207 209 211 147 148 169 171 170
11 138 222 136 204 101 100 86 84 196 56 40
11 138 222 136 204 101 100 86 84 196 56 40
11 138 222 136 204 101 100 86 84 196 56 40
11 138 222 136 204 101 100 86 84 196 56 40
8 140 216 206 104 101 100 86 84
8 140 216 206 104 101 100 86 84
8 140 216 206 104 101 100 86 84
8 140 216 206 104 101 100 86 84
8 140 216 206 104 101 100 86 84
8 140 216 206 104 101 100 86 84
5 141 119 116 118 140
7 142 140 216 114 214 113 213
7 142 140 216 114 214 113 213
7 142 140 216 114 214 113 213
7 142 140 216 114 214 113 213
7 142 140 216 114 214 113 213
12 144 218 120 208 105 201 199 60 198 192 191 44
12 144 218 120 208 105 201 199 60 198 192 191 44
12 144 218 120 208 105 201 199 60 198 192 191 44
12 144 218 120 208 105 201 199 60 198 192 191 44
12 144 218 120 208 105 201 199 60 198 192 191 44
12 144 218 120 208 105 201 199 60 198 192 191 44
12 144 218 120 208 105 201 199 60 198 192 191 44
10 218 120 208 105 201 199 60 198 61 63
10 218 120 208 105 201 199 60 198 61 63
10 218 120 208 105 201 199 60 198 61 63
10 218 120 208 105 201 199 60 198 61 63
10 218 120 208 105 201 199 60 198 61 63
3 123 124 125
3 123 124 125
9 145 123 124 211 109 92 80 78 77
9 145 123 124 211 109 92 80 78 77
9 145 123 124 211 109 92 80 78 77
9 145 123 124 211 109 92 80 78 77
9 145 123 124 211 109 92 80 78 77
4 147 211 209 108
4 147 211 209 108
4 147 211 209 108
8 148 147 211 209 207 107 91 90
8 148 147 211 209 207 107 91 90
8 148 147 211 209 207 107 91 90
8 148 147 211 209 207 107 91 90
13 220 126 127 111 202 98 97 96 83 72 194 50 48
13 220 126 127 111 202 98 97 96 83 72 194 50 48
13 220 126 127 111 202 98 97 96 83 72 194 50 48
13 220 126 127 111 202 98 97 96 83 72 194 50 48
13 220 126 127 111 202 98 97 96 83 72 194 50 48
13 220 126 127 111 202 98 97 96 83 72 194 50 48
10 150 152 151 130 111 202 98 97 96 82
10 150 152 151 130 111 202 98 97 96 82
10 150 152 151 130 111 202 98 97 96 82
10 150 152 151 130 111 202 98 97 96 82
10 150 152 151 130 111 202 98 97 96 82
10 150 152 151 130 111 202 98 97 96 82
10 150 152 151 130 111 202 98 97 96 82
10 150 152 151 130 111 202 98 97 96 82
10 150 152 151 130 111 202 98 97 96 82
16 151 130 111 213 112 203 101 100 86 84 196 195 52 38 36 173
16 151 130 111 213 112 203 101 100 86 84 196 195 52 38 36 173
16 151 130 111 213 112 203 101 100 86 84 196 195 52 38 36 173
16 151 130 111 213 112 203 101 100 86 84 196 195 52 38 36 173
16 151 130 111 213 112 203 101 100 86 84 196 195 52 38 36 173
16 151 130 111 213 112 203 101 100 86 84 196 195 52 38 36 173
16 151 130 111 213 112 203 101 100 86 84 196 195 52 38 36 173
13 225 221 135 133 136 204 101 100 86 84 196 56 40
13 225 221 135 133 136 204 101 100 86 84 196 56 40
13 225 221 135 133 136 204 101 100 86 84 196 56 40
13 225 221 135 133 136 204 101 100 86 84 196 56 40
13 225 221 135 133 136 204 101 100 86 84 196 56 40
13 225 221 135 133 136 204 101 100 86 84 196 56 40
13 225 221 135 133 136 204 101 100 86 84 196 56 40
10 221 135 133 136 204 101 102 103 205 201
10 221 135 133 136 204 101 102 103 205 201
10 221 135 133 136 204 101 102 103 205 201
10 221 135 133 136 204 101 102 103 205 201
10 221 135 133 136 204 101 102 103 205 201
7 223 137 136 204 101 100 86
1 154
1 156
10 226 158 142 140 118 116 117 106 201 89
10 226 158 142 140 118 116 117 106 201 89
10 226 158 142 140 118 116 117 106 201 89
10 226 158 142 140 118 116 117 106 201 89
12 226 157 138 222 136 204 101 100 86 84 196 56
12 226 157 138 222 136 204 101 100 86 84 196 56
12 226 157 138 222 136 204 101 100 86 84 196 56
12 226 157 138 222 136 204 101 100 86 84 196 56
12 226 157 138 222 136 204 101 100 86 84 196 56
12 226 157 138 222 136 204 101 100 86 84 196 56
12 226 157 138 222 136 204 101 100 86 84 196 56
12 226 157 138 222 136 204 101 100 86 84 196 56
7 227 162 163 165 228 167 166
7 227 162 163 165 228 167 166
9 160 158 142 140 118 116 217 120 121
9 160 158 142 140 118 116 217 120 121
10 161 224 123 124 211 109 92 80 78 77
10 161 224 123 124 211 109 92 80 78 77
10 161 224 123 124 211 109 92 80 78 77
10 161 224 123 124 211 109 92 80 78 77
7 162 161 218 120 208 105 201
7 162 161 218 120 208 105 201
7 162 161 218 120 208 105 201
7 162 161 218 120 208 105 201
7 162 161 218 120 208 105 201
9 163 162 161 218 120 208 105 205 103
9 163 162 161 218 120 208 105 205 103
9 163 162 161 218 120 208 105 205 103
9 163 162 161 218 120 208 105 205 103
9 163 162 161 218 120 208 105 205 103
14 146 145 121 120 208 105 201 199 60 198 192 191 44 43
14 146 145 121 120 208 105 201 199 60 198 192 191 44 43
14 146 145 121 120 208 105 201 199 60 198 192 191 44 43
14 146 145 121 120 208 105 201 199 60 198 192 191 44 43
14 146 145 121 120 208 105 201 199 60 198 192 191 44 43
14 146 145 121 120 208 105 201 199 60 198 192 191 44 43
14 146 145 121 120 208 105 201 199 60 198 192 191 44 43
14 146 145 121 120 208 105 201 199 60 198 192 191 44 43
11 165 163 162 161 218 120 217 116 118 216 115
11 165 163 162 161 218 120 217 116 118 216 115
11 165 163 162 161 218 120 217 116 118 216 115
13 166 168 170 171 169 148 147 211 209 207 107 91 90
13 166 168 170 171 169 148 147 211 209 207 107 91 90
13 166 168 170 171 169 148 147 211 209 207 107 91 90
13 166 168 170 171 169 148 147 211 209 207 107 91 90
13 166 168 170 171 169 148 147 211 209 207 107 91 90
13 166 168 170 171 169 148 147 211 209 207 107 91 90
19 228 165 163 162 161 218 120 208 105 201 199 60 198 192 191 44 43 27 29
19 228 165 163 162 161 218 120 208 105 201 199 60 198 192 191 44 43 27 29
19 228 165 163 162 161 218 120 208 105 201 199 60 198 192 191 44 43 27 29
19 228 165 163 162 161 218 120 208 105 201 199 60 198 192 191 44 43 27 29
5 168 170 171 169 148
5 168 170 171 169 148
11 169 148 147 211 209 207 208 217 116 118 216
11 169 148 147 211 209 207 208 217 116 118 216
11 169 148 147 211 209 207 208 217 116 118 216
11 169 148 147 211 209 207 208 217 116 118 216
7 170 171 169 148 219 212 110
7 170 171 169 148 219 212 110
7 170 171 169 148 219 212 110
7 170 171 169 148 219 212 110
1 171 