173 229 827 36 437
1 2 191
2 0 12
3 1 241
4 3 191
5 4 184
6 5 145
7 23 90
8 9 271
9 11 131
10 11 117
11 25 272
12 11 232
13 12 59
14 13 225
15 14 81
16 30 344
17 16 374
18 34 216
19 20 370
20 6 35
21 20 221
22 21 29
23 22 188
24 42 43
25 26 56
26 24 261
27 26 99
28 29 47
29 15 97
30 29 153
31 30 205
32 31 89
33 32 280
34 35 212
35 36 221
36 49 170
37 19 347
38 39 254
39 37 71
40 39 307
41 57 422
42 43 219
43 60 389
44 28 150
45 44 248
46 33 187
47 48 191
48 51 340
49 50 235
50 52 417
51 49 238
52 38 36
53 39 161
54 52 372
55 53 178
56 40 12
57 56 109
58 57 30
59 58 435
60 61 425
61 76 350
62 64 263
63 45 335
64 63 74
65 64 129
66 67 230
67 65 156
68 67 20
69 68 430
70 69 193
71 70 221
72 48 142
73 72 114
74 55 170
75 74 364
76 59 322
77 64 166
78 65 6
79 78 349
80 68 118
81 79 255
82 80 12
83 84 290
84 72 170
85 74 218
86 85 182
87 85 154
88 86 241
89 88 426
90 89 50
91 90 137
92 91 19
93 81 323
94 82 288
95 94 94
96 83 183
97 84 282
98 97 290
99 98 75
100 99 386
101 87 340
102 101 59
103 101 380
104 103 328
105 102 349
106 108 238
107 106 97
108 92 402
109 123 259
110 93 152
111 95 116
112 129 400
113 100 184
114 113 237
115 116 266
116 139 362
117 118 273
118 107 78
119 117 259
120 118 214
121 122 240
122 146 306
123 121 108
124 146 82
125 124 49
126 125 120
127 128 5
128 129 276
129 130 129
130 133 82
131 129 42
132 130 125
133 134 94
134 137 125
135 133 207
136 134 241
137 115 370
138 137 432
139 140 22
140 143 102
141 119 282
142 120 71
143 141 381
144 142 96
145 144 325
146 147 286
147 165 350
148 125 14
149 148 101
150 151 308
151 153 39
152 131 14
153 152 157
154 155 258
155 156 23
156 157 29
157 158 20
158 140 173
159 143 293
160 144 87
161 159 383
162 145 189
163 162 271
164 163 127
165 163 269
166 164 417
167 169 196
168 169 91
169 171 186
170 149 195
171 172 222
172 170 230
0 18 241
4 19 117
6 7 59
7 9 374
9 24 29
15 16 47
15 28 153
17 31 170
21 40 340
23 24 36
22 41 372
27 28 263
26 43 74
35 48 349
36 38 290
40 41 19
41 42 282
41 58 75
42 60 328
43 45 402
43 62 152
46 70 78
51 73 120
53 56 82
56 74 241
59 61 102
61 62 325
76 89 340
88 104 405
89 106 222
99 112 365
100 102 19
102 115 312
104 106 274
105 116 410
108 109 114
108 121 429
109 110 53
110 111 130
110 125 35
111 126 39
112 113 312
114 115 39
113 133 80
116 119 304
118 121 281
122 145 361
126 148 87
127 150 56
136 154 148
137 139 20
138 155 413
145 146 31
153 154 169
158 159 410
160 162 297
166 168 275
0 75
0 75
0 75
0 75
0 75
0 75
0 75
1 150
1 150
1 150
1 150
1 150
1 150
1 150
2 35
3 32
3 32
3 32
3 32
3 32
3 32
3 32
3 32
4 72
4 72
4 72
4 72
5 112
5 112
5 112
5 112
5 112
5 112
5 112
6 8
6 8
7 115
7 115
7 115
7 115
7 115
7 115
7 115
7 115
8 9
9 46
9 46
9 46
9 46
9 46
10 23
10 23
10 23
10 23
10 23
10 23
10 23
10 23
10 23
11 95
11 95
11 95
11 95
11 95
11 95
11 95
11 95
12 16
13 5
13 5
14 121
14 121
14 121
14 121
14 121
14 121
14 121
14 121
15 126
15 126
15 126
15 126
15 126
15 126
15 126
15 126
16 43
16 43
16 43
17 21
17 21
17 21
17 21
17 21
18 87
18 87
18 87
18 87
18 87
19 14
19 14
19 14
19 14
19 14
20 57
20 57
20 57
20 57
20 57
20 57
20 57
20 57
20 57
21 88
21 88
21 88
21 88
21 88
22 29
22 29
23 46
23 46
23 46
23 46
24 7
24 7
25 33
25 33
26 88
26 88
26 88
26 88
26 88
27 28
28 85
28 85
28 85
28 85
28 85
28 85
28 85
28 85
29 91
29 91
29 91
29 91
29 91
29 91
30 29
31 32
32 42
32 42
32 42
33 89
33 89
33 89
33 89
34 76
34 76
34 76
34 76
34 76
35 2
35 2
35 2
36 0
36 0
36 0
36 0
36 0
36 0
36 0
36 0
36 0
37 97
37 97
37 97
37 97
37 97
37 97
37 97
37 97
38 48
38 48
38 48
39 16
39 16
39 16
39 16
39 16
39 16
39 16
39 16
40 46
40 46
40 46
40 46
40 46
40 46
40 46
40 46
41 88
41 88
41 88
42 30
42 30
42 30
42 30
42 30
43 15
43 15
44 78
44 78
44 78
44 78
44 78
44 78
44 78
44 78
44 78
45 109
45 109
45 109
45 109
45 109
46 28
46 28
47 42
47 42
47 42
47 42
48 47
49 118
49 118
49 118
49 118
49 118
49 118
49 118
50 139
50 139
50 139
50 139
50 139
50 139
50 139
50 139
50 139
51 115
51 115
51 115
51 115
51 115
52 65
52 65
52 65
52 65
52 65
52 65
53 73
53 73
53 73
53 73
53 73
53 73
53 73
53 73
53 73
54 25
54 25
54 25
54 25
54 25
54 25
54 25
54 25
55 115
55 115
55 115
55 115
56 51
56 51
56 51
57 73
57 73
57 73
58 55
58 55
59 120
59 120
59 120
59 120
59 120
59 120
59 120
59 120
59 120
60 56
60 56
60 56
61 102
61 102
61 102
61 102
61 102
61 102
61 102
61 102
62 58
62 58
63 40
63 40
63 40
63 40
64 110
64 110
64 110
64 110
64 110
65 43
65 43
66 46
66 46
67 126
67 126
67 126
67 126
68 88
68 88
68 88
68 88
68 88
69 56
69 56
69 56
69 56
69 56
70 26
70 26
70 26
70 26
70 26
70 26
71 30
71 30
71 30
71 30
71 30
71 30
71 30
71 30
71 30
72 48
72 48
72 48
73 97
74 48
74 48
74 48
74 48
74 48
75 74
76 46
76 46
76 46
76 46
76 46
76 46
76 46
76 46
77 65
77 65
77 65
78 60
78 60
79 145
79 145
79 145
79 145
79 145
79 145
80 46
81 86
81 86
81 86
81 86
81 86
81 86
81 86
81 86
82 80
83 34
84 77
84 77
84 77
84 77
84 77
84 77
84 77
85 88
85 88
85 88
86 102
87 96
87 96
87 96
87 96
87 96
87 96
88 140
88 140
88 140
89 81
89 81
89 81
89 81
89 81
89 81
90 109
90 109
90 109
90 109
90 109
90 109
90 109
90 109
90 109
91 28
91 28
91 28
91 28
91 28
92 126
92 126
92 126
92 126
92 126
92 126
92 126
93 139
93 139
93 139
93 139
93 139
93 139
93 139
94 46
94 46
95 100
95 100
95 100
95 100
95 100
95 100
95 100
96 101
96 101
96 101
96 101
96 101
96 101
96 101
96 101
96 101
97 157
97 157
97 157
97 157
97 157
97 157
97 157
97 157
98 41
98 41
98 41
98 41
98 41
98 41
98 41
99 129
99 129
99 129
99 129
99 129
99 129
99 129
99 129
99 129
100 137
100 137
101 61
101 61
101 61
101 61
101 61
102 137
102 137
102 137
103 84
103 84
103 84
103 84
103 84
103 84
104 139
104 139
104 139
104 139
104 139
104 139
104 139
104 139
104 139
105 139
105 139
105 139
105 139
105 139
105 139
105 139
105 139
105 139
106 86
107 45
107 45
107 45
107 45
107 45
107 45
107 45
107 45
108 61
108 61
108 61
108 61
108 61
109 167
109 167
109 167
109 167
109 167
109 167
110 123
110 123
110 123
111 43
111 43
111 43
111 43
111 43
111 43
111 43
112 73
112 73
112 73
112 73
112 73
112 73
112 73
112 73
112 73
113 146
113 146
113 146
113 146
113 146
113 146
113 146
113 146
114 52
114 52
114 52
115 50
115 50
115 50
115 50
115 50
115 50
115 50
116 88
116 88
116 88
116 88
117 139
117 139
117 139
118 135
118 135
118 135
118 135
118 135
118 135
119 132
119 132
119 132
119 132
119 132
119 132
120 41
120 41
120 41
120 41
120 41
120 41
120 41
121 145
121 145
121 145
122 88
122 88
122 88
122 88
122 88
122 88
123 87
123 87
123 87
123 87
123 87
123 87
123 87
124 74
124 74
124 74
124 74
124 74
124 74
124 74
124 74
125 70
125 70
125 70
125 70
125 70
125 70
126 67
126 67
127 73
127 73
127 73
128 117
128 117
128 117
128 117
129 100
129 100
129 100
130 151
130 151
130 151
131 100
131 100
132 40
132 40
132 40
132 40
132 40
132 40
132 40
133 165
133 165
133 165
133 165
133 165
134 124
134 124
134 124
134 124
134 124
134 124
135 153
136 139
136 139
136 139
137 159
138 98
138 98
138 98
139 171
139 171
139 171
139 171
139 171
139 171
139 171
139 171
140 41
140 41
140 41
140 41
141 74
141 74
141 74
141 74
141 74
141 74
142 141
143 112
143 112
143 112
143 112
143 112
144 44
144 44
144 44
144 44
144 44
144 44
144 44
145 63
145 63
145 63
145 63
145 63
146 126
146 126
147 65
147 65
147 65
147 65
147 65
148 123
148 123
148 123
149 90
149 90
149 90
149 90
150 50
150 50
150 50
150 50
150 50
150 50
151 83
151 83
151 83
151 83
151 83
151 83
151 83
151 83
151 83
152 4
152 4
152 4
152 4
152 4
152 4
152 4
153 41
153 41
153 41
153 41
153 41
153 41
153 41
154 89
154 89
154 89
154 89
154 89
155 85
156 155
157 158
158 90
158 90
158 90
158 90
159 57
159 57
159 57
159 57
159 57
159 57
159 57
159 57
160 167
160 167
161 146
161 146
162 65
162 65
162 65
162 65
163 89
163 89
163 89
163 89
163 89
164 103
164 103
164 103
164 103
164 103
165 28
165 28
165 28
165 28
165 28
165 28
165 28
165 28
166 139
166 139
166 139
167 90
167 90
167 90
167 90
167 90
167 90
168 30
168 30
168 30
168 30
169 148
169 148
170 116
170 116
170 116
170 116
171 95
171 95
171 95
171 95
172 170
